

1,5
2,0
3,4
4,1
5,9
6,2
7,1
8,3
9,1
10,4
11,3
12,5
13,3
14,6
15,1
16,7
17,2
18,8
19,6
20,9
21,4
22,0
23,9
24,1
25,1
26,2
27,4
28,3
29,2
30,7
31,3
32,8
33,6
34,9
35,0
36,5
37,6
38,0
39,7
40,6
41,1
42,8
43,7
44,9
45,3
46,9
47,8
48,5
49,8
50,3
51,3
52,0
53,7
54,9
55,9
56,8
57,0
58,9
59,4
60,1
61,4
62,4
63,6
64,0
65,4
66,5
67,6
68,1
69,0
70,0
71,1
72,7
73,1
74,6
75,3
76,0
77,2
78,1
79,1
80,7
81,0
82,0
83,2
84,6
85,7
86,8
87,3
88,9
89,0
90,4
91,6
92,7
93,4
94,6
95,8
96,0
97,7
98,8
99,3
100,1
101,5
102,7
103,1
104,7
105,1
106,1
107,6
108,3
109,0
110,2
111,9
112,3
113,1
114,1
115,0
116,4
117,9
118,2
119,0
120,0
121,7
122,0
123,2
124,7
125,1
126,8
127,6
128,4
129,1
130,6
131,3
132,4
133,1
134,9
135,1
136,3
137,3
138,8
139,5
140,4
141,7
142,7
143,4
144,2
145,8
146,5
147,8
148,6
149,2
150,3
151,4
152,6
153,1
154,9
155,9
156,6
157,0
158,3
159,7
160,2
161,8
162,2
163,9
164,4
165,4
166,6
167,4
168,9
169,7
170,0
171,9
172,2
173,7
174,5
175,1
176,5
177,9
178,1
179,0
180,3
181,1
182,3
183,5
184,9
185,1
186,7
187,6
188,2
189,8
190,2
191,2
192,5
193,0
194,7
195,4
196,9
197,7
198,8
199,3
200,2
201,1
202,1
203,8
204,3
205,6
206,1
207,0
208,3
209,1
210,0
211,0
212,1
213,1
214,2
215,7
216,3
217,0
218,4
219,6
220,5
221,2
222,6
223,4
224,7
225,7
226,8
227,9
228,9
229,3
230,0
231,7
232,1
233,0
234,2
235,0
236,3
237,5
238,4
239,6
240,5
241,8
242,6
243,3
244,7
245,5
246,8
247,0
248,9
249,1
250,0
251,3
252,1
253,2
254,2
255,3
256,3
257,6
258,4
259,7
260,5
261,0
262,6
263,0
264,7
265,9
266,8
267,5
268,9
269,7
270,1
271,1
272,4
273,4
274,5
275,6
276,4
277,1
278,2
279,5
280,3
281,9
282,3
283,9
284,0
285,5
286,9
287,6
288,5
289,7
290,4
291,1
292,3
293,4
294,0
295,4
296,8
297,0
298,4
299,3
300,6
301,8
302,7
303,6
304,0
305,9
306,7
307,5
308,7
309,2
310,1
311,1
312,6
313,8
314,9
315,4
316,1
317,5
318,2
319,1
320,9
321,0
322,3
323,9
324,6
325,7
326,2
327,0
328,3
329,5
330,4
331,3
332,6
333,5
334,8
335,9
336,5
337,4
338,7
339,4
340,2
341,7
342,3
343,4
344,8
345,9
346,1
347,9
348,2
349,8
350,7
351,9
352,1
353,8
354,7
355,4
356,1
357,3
358,1
359,1
360,0
361,2
362,3
363,9
364,4
365,9
366,2
367,1
368,6
369,8
370,4
371,7
372,7
373,4
374,4
375,9
376,2
377,8
378,7
379,2
380,4
381,4
382,2
383,1
384,9
385,7
386,2
387,5
388,7
389,6
390,9
391,2
392,2
393,3
394,8
395,1
396,6
397,5
398,1
399,1
400,0
401,2
402,6
403,4
404,5
405,3
406,3
407,1
408,5
409,1
410,9
411,2
412,7
413,4
414,4
415,4
416,8
417,1
418,5
419,5
420,9
421,5
422,6
423,7
424,9
425,9
426,3
427,7
428,0
429,9
430,0
431,6
432,6
433,2
434,3
435,9
436,0
437,7
438,5
439,4
440,8
441,0
442,9
443,4
444,1
445,1
446,8
447,7
448,1
449,2
450,6
451,1
452,0
453,3
454,0
455,1
456,1
457,8
458,2
459,0
460,3
461,9
462,4
463,0
464,5
465,0
466,6
467,1
468,7
469,7
470,8
471,1
472,9
473,1
474,0
475,5
476,1
477,2
478,2
479,7
480,3
481,5
482,4
483,9
484,7
485,1
486,8
487,3
488,9
489,6
490,0
491,3
492,1
493,1
494,2
495,0
496,3
497,5
498,7
499,6
500,8
501,7
502,9
503,5
504,8
505,5
506,7
507,6
508,1
509,1
510,3
511,1
512,7
513,5
514,5
515,3
516,2
517,5
518,8
519,7
520,0
521,9
522,7
523,7
524,5
525,0
526,9
527,0
528,0
529,8
530,9
531,2
532,4
533,8
534,1
535,6
536,1
537,6
538,5
539,1
540,8
541,3
542,4
543,0
544,5
545,3
546,8
547,3
548,6
549,2
550,3
551,9
552,2
553,1
554,1
555,5
556,2
557,1
558,3
559,2
560,8
561,7
562,3
563,7
564,2
565,4
566,6
567,9
568,7
569,2
570,4
571,2
572,8
573,1
574,1
575,3
576,8
577,4
578,0
579,6
580,5
581,9
582,3
583,0
584,9
585,0
586,4
587,7
588,1
589,2
590,9
591,4
592,2
593,6
594,1
595,8
596,9
597,0
598,6
599,6
600,7
601,9
602,9
603,8
604,0
605,1
606,4
607,4
608,6
609,7
610,1
611,5
612,7
613,0
614,3
615,5
616,8
617,4
618,7
619,1
620,2
621,5
622,9
623,5
624,6
625,7
626,5
627,9
628,8
629,8
630,3
631,6
632,9
633,7
634,0
635,7
636,2
637,7
638,1
639,1
640,0
641,7
642,9
643,2
644,3
645,1
646,3
647,2
648,4
649,1
650,6
651,2
652,7
653,5
654,5
655,7
656,4
657,0
658,2
659,6
660,3
661,6
662,4
663,0
664,4
665,2
666,6
667,0
668,0
669,0
670,0
671,3
672,1
673,6
674,2
675,1
676,3
677,1
678,4
679,1
680,5
681,4
682,6
683,4
684,7
685,2
686,8
687,7
688,9
689,2
690,0
691,5
692,1
693,4
694,2
695,8
696,3
697,2
698,4
699,1
700,5
701,4
702,6
703,0
704,7
705,9
706,8
707,4
708,9
709,8
710,0
711,1
712,1
713,0
714,2
715,2
716,3
717,2
718,4
719,9
720,5
721,1
722,6
723,5
724,7
725,7
726,8
727,8
728,9
729,7
730,4
731,7
732,3
733,2
734,0
735,8
736,6
737,8
738,6
739,1
740,6
741,8
742,9
743,4
744,0
745,9
746,0
747,4
748,1
749,5
750,4
751,7
752,5
753,3
754,7
755,4
756,9
757,8
758,5
759,8
760,6
761,3
762,8
763,6
764,9
765,9
766,1
767,8
768,3
769,5
770,8
771,6
772,5
773,9
774,7
775,2
776,5
777,0
778,8
779,5
780,1
781,1
782,0
783,9
784,1
785,8
786,6
787,7
788,0
789,4
790,3
791,0
792,8
793,8
794,9
795,6
796,7
797,8
798,4
799,7
800,5
801,9
802,2
803,6
804,7
805,4
806,5
807,9
808,2
809,3
810,1
811,6
812,3
813,9
814,2
815,2
816,5
817,6
818,8
819,0
820,7
821,7
822,1
823,9
824,8
825,7
826,0
827,9
828,9
829,4
830,6
831,2
832,8
833,5
834,1
835,4
836,1
837,5
838,5
839,1
840,7
841,3
842,6
843,4
844,3
845,2
846,5
847,6
848,4
849,4
850,0
851,4
852,4
853,6
854,7
855,9
856,4
857,3
858,3
859,8
860,0
861,0
862,3
863,2
864,2
865,7
866,8
867,2
868,3
869,7
870,0
871,1
872,1
873,0
874,2
875,3
876,3
877,8
878,4
879,3
880,5
881,7
882,6
883,4
884,7
885,1
886,8
887,5
888,9
889,7
890,0
891,3
892,1
893,1
894,2
895,4
896,3
897,4
898,4
899,7
900,5
901,9
902,6
903,0
904,0
905,7
906,1
907,4
908,2
909,7
910,3
911,6
912,7
913,5
914,8
915,4
916,5
917,5
918,2
919,7
920,1
921,1
922,5
923,6
924,8
925,5
926,8
927,4
928,0
929,7
930,9
931,9
932,2
933,9
934,7
935,7
936,5
937,7
938,4
939,2
940,6
941,9
942,1
943,7
944,0
945,6
946,4
947,2
948,5
949,7
950,0
951,7
952,1
953,0
954,3
955,7
956,6
957,5
958,0
959,6
960,1
961,5
962,1
963,7
964,8
965,5
966,0
967,3
968,4
969,7
970,7
971,5
972,7
973,8
974,6
975,8
976,3
977,8
978,6
979,1
980,0
981,9
982,7
983,1
984,3
985,0
986,5
987,6
988,4
989,4
990,2
991,4
992,4
993,3
994,1
995,7
996,4
997,6
998,0
999,3
1000,6
1001,0
1002,7
1003,1
1004,1
1005,4
1006,9
1007,4
1008,3
1009,4
1010,8
1011,2
1012,2
1013,1
1014,8
1015,7
1016,0
1017,8
1018,1
1019,0
1020,7
1021,6
1022,3
1023,7
1024,7
1025,5
1026,8
1027,8
1028,9
1029,0
1030,0
1031,2
1032,1
1033,3
1034,2
1035,2
1036,8
1037,9
1038,4
1039,9
1040,5
1041,0
1042,6
1043,7
1044,7
1045,1
1046,8
1047,0
1048,2
1049,2
1050,0
1051,4
1052,1
1053,1
1054,2
1055,7
1056,5
1057,9
1058,7
1059,2
1060,8
1061,1
1062,9
1063,5
1064,8
1065,8
1066,1
1067,9
1068,8
1069,3
1070,1
1071,6
1072,5
1073,7
1074,4
1075,2
1076,5
1077,0
1078,3
1079,0
1080,1
1081,1
1082,1
1083,7
1084,9
1085,1
1086,1
1087,8
1088,5
1089,4
1090,5
1091,0
1092,6
1093,6
1094,0
1095,4
1096,1
1097,2
1098,3
1099,4
1100,4
1101,6
1102,8
1103,0
1104,9
1105,5
1106,8
1107,7
1108,0
1109,3
1110,5
1111,4
1112,5
1113,9
1114,6
1115,7
1116,1
1117,9
1118,6
1119,1
1120,3
1121,1
1122,3
1123,9
1124,1
1125,2
1126,7
1127,7
1128,0
1129,0
1130,2
1131,3
1132,1
1133,1
1134,4
1135,2
1136,5
1137,6
1138,0
1139,9
1140,6
1141,2
1142,8
1143,9
1144,2
1145,3
1146,3
1147,6
1148,9
1149,4
1150,4
1151,3
1152,3
1153,0
1154,7
1155,7
1156,1
1157,7
1158,7
1159,3
1160,6
1161,4
1162,9
1163,5
1164,4
1165,4
1166,2
1167,7
1168,9
1169,0
1170,9
1171,8
1172,4
1173,4
1174,9
1175,1
1176,2
1177,4
1178,9
1179,3
1180,0
1181,4
1182,1
1183,6
1184,2
1185,6
1186,3
1187,7
1188,4
1189,2
1190,6
1191,6
1192,7
1193,1
1194,8
1195,9
1196,0
1197,4
1198,1
1199,4
1200,2
1201,1
1202,8
1203,6
1204,4
1205,6
1206,7
1207,5
1208,8
1209,7
1210,0
1211,5
1212,1
1213,4
1214,2
1215,8
1216,4
1217,7
1218,7
1219,3
1220,8
1221,4
1222,9
1223,3
1224,8
1225,6
1226,7
1227,3
1228,4
1229,6
1230,7
1231,1
1232,7
1233,4
1234,3
1235,3
1236,9
1237,3
1238,8
1239,1
1240,9
1241,6
1242,3
1243,1
1244,1
1245,9
1246,5
1247,2
1248,8
1249,4
1250,2
1251,9
1252,7
1253,1
1254,4
1255,8
1256,2
1257,9
1258,6
1259,4
1260,1
1261,3
1262,4
1263,2
1264,5
1265,2
1266,5
1267,6
1268,8
1269,0
1270,6
1271,2
1272,4
1273,9
1274,4
1275,9
1276,4
1277,0
1278,1
1279,5
1280,8
1281,4
1282,7
1283,9
1284,5
1285,9
1286,5
1287,9
1288,1
1289,5
1290,8
1291,3
1292,9
1293,9
1294,1
1295,1
1296,3
1297,8
1298,6
1299,5
1300,2
1301,7
1302,2
1303,7
1304,6
1305,0
1306,9
1307,7
1308,9
1309,4
1310,6
1311,0
1312,5
1313,3
1314,5
1315,7
1316,3
1317,9
1318,3
1319,6
1320,8
1321,3
1322,1
1323,7
1324,6
1325,5
1326,5
1327,7
1328,6
1329,4
1330,8
1331,2
1332,1
1333,7
1334,9
1335,2
1336,7
1337,3
1338,6
1339,7
1340,8
1341,5
1342,1
1343,7
1344,7
1345,8
1346,4
1347,0
1348,7
1349,3
1350,0
1351,6
1352,3
1353,3
1354,7
1355,1
1356,9
1357,5
1358,3
1359,6
1360,0
1361,9
1362,2
1363,8
1364,0
1365,9
1366,1
1367,6
1368,0
1369,0
1370,1
1371,9
1372,0
1373,0
1374,4
1375,2
1376,1
1377,5
1378,0
1379,3
1380,4
1381,4
1382,7
1383,5
1384,9
1385,8
1386,2
1387,0
1388,0
1389,8
1390,6
1391,2
1392,2
1393,7
1394,6
1395,1
1396,2
1397,9
1398,2
1399,6
1400,9
1401,7
1402,9
1403,5
1404,0
1405,6
1406,1
1407,5
1408,2
1409,4
1410,3
1411,9
1412,4
1413,7
1414,5
1415,6
1416,6
1417,7
1418,7
1419,6
1420,8
1421,5
1422,9
1423,7
1424,0
1425,6
1426,1
1427,9
1428,2
1429,3
1430,3
1431,5
1432,4
1433,3
1434,5
1435,8
1436,6
1437,3
1438,7
1439,2
1440,8
1441,4
1442,7
1443,5
1444,0
1445,2
1446,1
1447,4
1448,2
1449,6
1450,3
1451,1
1452,7
1453,1
1454,8
1455,0
1456,9
1457,6
1458,8
1459,1
1460,9
1461,4
1462,4
1463,9
1464,1
1465,8
1466,9
1467,6
1468,5
1469,5
1470,3
1471,3
1472,0
1473,1
1474,1
1475,3
1476,8
1477,3
1478,1
1479,2
1480,0
1481,7
1482,5
1483,5
1484,1
1485,8
1486,5
1487,3
1488,4
1489,6
1490,0
1491,5
1492,7
1493,2
1494,6
1495,6
1496,0
1497,1
1498,1
1499,4
1500,7
1501,9
1502,0
1503,0
1504,6
1505,6
1506,8
1507,6
1508,9
1509,4
1510,5
1511,2
1512,4
1513,1
1514,7
1515,9
1516,6
1517,5
1518,0
1519,9
1520,8
1521,6
1522,1
1523,9
1524,7
1525,5
1526,7
1527,5
1528,1
1529,1
1530,3
1531,0
1532,2
1533,0
1534,3
1535,8
1536,1
1537,6
1538,4
1539,6
1540,2
1541,6
1542,1
1543,8
1544,8
1545,1
1546,1
1547,4
1548,7
1549,1
1550,2
1551,2
1552,3
1553,9
1554,6
1555,1
1556,9
1557,5
1558,6
1559,2
1560,3
1561,9
1562,2
1563,6
1564,2
1565,7
1566,4
1567,3
1568,6
1569,4
1570,9
1571,7
1572,0
1573,2
1574,2
1575,9
1576,5
1577,4
1578,5
1579,0
1580,1
1581,4
1582,3
1583,6
1584,3
1585,2
1586,9
1587,7
1588,5
1589,3
1590,7
1591,0
1592,9
1593,5
1594,8
1595,3
1596,2
1597,0
1598,1
1599,8
1600,3
1601,0
1602,1
1603,2
1604,3
1605,9
1606,0
1607,0
1608,1
1609,7
1610,2
1611,9
1612,3
1613,9
1614,4
1615,2
1616,5
1617,8
1618,6
1619,7
1620,7
1621,9
1622,8
1623,9
1624,9
1625,2
1626,0
1627,0
1628,1
1629,4
1630,2
1631,4
1632,3
1633,9
1634,4
1635,3
1636,5
1637,7
1638,6
1639,5
1640,7
1641,1
1642,8
1643,6
1644,9
1645,3
1646,0
1647,4
1648,1
1649,2
1650,2
1651,5
1652,3
1653,7
1654,4
1655,1
1656,7
1657,7
1658,8
1659,1
1660,9
1661,2
1662,3
1663,2
1664,4
1665,0
1666,1
1667,8
1668,4
1669,3
1670,6
1671,5
1672,6
1673,4
1674,7
1675,0
1676,3
1677,1
1678,3
1679,0
1680,2
1681,1
1682,1
1683,0
1684,9
1685,9
1686,4
1687,6
1688,7
1689,6
1690,3
1691,5
1692,5
1693,4
1694,4
1695,6
1696,9
1697,1
1698,1
1699,3
1700,1
1701,1
1702,0
1703,5
1704,1
1705,4
1706,4
1707,6
1708,6
1709,6
1710,0
1711,1
1712,2
1713,0
1714,8
1715,2
1716,2
1717,1
1718,1
1719,3
1720,7
1721,9
1722,5
1723,3
1724,0
1725,2
1726,0
1727,6
1728,2
1729,9
1730,0
1731,7
1732,6
1733,9
1734,9
1735,1
1736,2
1737,9
1738,3
1739,4
1740,7
1741,9
1742,6
1743,0
1744,9
1745,4
1746,8
1747,7
1748,7
1749,9
1750,8
1751,6
1752,9
1753,5
1754,2
1755,2
1756,2
1757,3
1758,9
1759,8
1760,8
1761,8
1762,6
1763,4
1764,4
1765,4
1766,4
1767,2
1768,4
1769,6
1770,0
1771,7
1772,0
1773,7
1774,8
1775,2
1776,0
1777,8
1778,8
1779,3
1780,6
1781,8
1782,6
1783,6
1784,8
1785,6
1786,5
1787,1
1788,1
1789,8
1790,7
1791,3
1792,3
1793,6
1794,8
1795,9
1796,5
1797,0
1798,0
1799,0
1800,3
1801,2
1802,6
1803,6
1804,7
1805,8
1806,3
1807,5
1808,1
1809,4
1810,3
1811,5
1812,9
1813,4
1814,5
1815,4
1816,1
1817,1
1818,5
1819,4
1820,0
1821,9
1822,7
1823,1
1824,2
1825,5
1826,7
1827,9
1828,4
1829,0
1830,3
1831,6
1832,1
1833,7
1834,7
1835,5
1836,6
1837,3
1838,0
1839,1
1840,1
1841,4
1842,2
1843,4
1844,3
1845,6
1846,4
1847,7
1848,5
1849,7
1850,6
1851,9
1852,7
1853,2
1854,8
1855,4
1856,9
1857,8
1858,0
1859,7
1860,1
1861,1
1862,2
1863,3
1864,3
1865,5
1866,4
1867,6
1868,5
1869,0
1870,6
1871,3
1872,7
1873,3
1874,8
1875,2
1876,9
1877,0
1878,0
1879,9
1880,1
1881,2
1882,2
1883,9
1884,3
1885,9
1886,4
1887,6
1888,5
1889,2
1890,6
1891,6
1892,7
1893,6
1894,8
1895,2
1896,9
1897,2
1898,0
1899,6
1900,7
1901,2
1902,8
1903,6
1904,9
1905,0
1906,9
1907,6
1908,0
1909,3
1910,1
1911,1
1912,4
1913,9
1914,5
1915,8
1916,1
1917,0
1918,6
1919,6
1920,7
1921,8
1922,3
1923,4
1924,2
1925,3
1926,9
1927,0
1928,0
1929,4
1930,5
1931,0
1932,6
1933,4
1934,7
1935,4
1936,3
1937,1
1938,9
1939,3
1940,9
1941,9
1942,3
1943,1
1944,8
1945,7
1946,1
1947,7
1948,2
1949,8
1950,9
1951,9
1952,6
1953,2
1954,7
1955,2
1956,5
1957,0
1958,6
1959,7
1960,3
1961,9
1962,5
1963,9
1964,0
1965,8
1966,5
1967,8
1968,4
1969,7
1970,0
1971,5
1972,3
1973,2
1974,4
1975,8
1976,7
1977,4
1978,1
1979,5
1980,4
1981,6
1982,3
1983,7
1984,7
1985,9
1986,6
1987,6
1988,2
1989,1
1990,1
1991,6
1992,5
1993,4
1994,5
1995,3
1996,0
1997,5
1998,5
1999,2
2000,0
2001,5
2002,8
2003,8
2004,4
2005,2
2006,6
2007,9
2008,7
2009,1
2010,0
2011,2
2012,3
2013,1
2014,8
2015,7
2016,1
2017,8
2018,2
2019,7
2020,2
2021,6
2022,3
2023,2
2024,3
2025,7
2026,6
2027,8
2028,7
2029,5
2030,3
2031,1
2032,4
2033,4
2034,9
2035,4
2036,6
2037,4
2038,5
2039,5
2040,1
2041,1
2042,9
2043,3
2044,8
2045,1
2046,1
2047,4
2048,1
2049,7
2050,5
2051,4
2052,0
2053,4
2054,2
2055,7
2056,7
2057,5
2058,8
2059,0
2060,6
2061,9
2062,6
2063,6
2064,8
2065,7
2066,2
2067,0
2068,8
2069,8
2070,4
2071,8
2072,4
2073,4
2074,2
2075,3
2076,2
2077,3
2078,8
2079,2
2080,0
2081,5
2082,0
2083,0
2084,1
2085,0
2086,2
2087,1
2088,3
2089,3
2090,4
2091,7
2092,5
2093,3
2094,6
2095,1
2096,7
2097,6
2098,8
2099,7
2100,9
2101,0
2102,0
2103,7
2104,1
2105,2
2106,2
2107,4
2108,3
2109,7
2110,4
2111,1
2112,5
2113,0
2114,6
2115,3
2116,7
2117,9
2118,8
2119,7
2120,9
2121,5
2122,0
2123,1
2124,1
2125,8
2126,2
2127,6
2128,3
2129,3
2130,4
2131,3
2132,5
2133,3
2134,7
2135,1
2136,8
2137,1
2138,9
2139,6
2140,8
2141,9
2142,9
2143,7
2144,5
2145,0
2146,7
2147,3
2148,0
2149,6
2150,3
2151,8
2152,1
2153,6
2154,6
2155,1
2156,8
2157,6
2158,4
2159,6
2160,1
2161,0
2162,7
2163,1
2164,6
2165,4
2166,5
2167,1
2168,6
2169,7
2170,4
2171,8
2172,2
2173,5
2174,7
2175,3
2176,8
2177,4
2178,1
2179,6
2180,3
2181,3
2182,4
2183,5
2184,3
2185,2
2186,4
2187,5
2188,7
2189,1
2190,2
2191,4
2192,0
2193,0
2194,5
2195,8
2196,0
2197,6
2198,1
2199,1
2200,9
2201,3
2202,2
2203,1
2204,3
2205,4
2206,2
2207,4
2208,3
2209,4
2210,5
2211,8
2212,5
2213,6
2214,7
2215,6
2216,8
2217,9
2218,4
2219,0
2220,9
2221,4
2222,9
2223,4
2224,7
2225,4
2226,1
2227,6
2228,1
2229,3
2230,7
2231,3
2232,2
2233,3
2234,3
2235,2
2236,4
2237,4
2238,8
2239,7
2240,6
2241,4
2242,3
2243,6
2244,8
2245,7
2246,0
2247,7
2248,9
2249,5
2250,6
2251,5
2252,2
2253,3
2254,0
2255,4
2256,1
2257,4
2258,0
2259,5
2260,6
2261,1
2262,2
2263,6
2264,3
2265,4
2266,8
2267,5
2268,9
2269,5
2270,0
2271,2
2272,7
2273,5
2274,2
2275,9
2276,3
2277,4
2278,4
2279,0
2280,5
2281,2
2282,5
2283,5
2284,2
2285,9
2286,8
2287,3
2288,5
2289,2
2290,4
2291,4
2292,6
2293,7
2294,6
2295,4
2296,6
2297,6
2298,7
2299,0
2300,9
2301,6
2302,1
2303,8
2304,8
2305,5
2306,2
2307,1
2308,1
2309,5
2310,2
2311,0
2312,6
2313,9
2314,5
2315,2
2316,3
2317,1
2318,4
2319,1
2320,7
2321,6
2322,9
2323,2
2324,4
2325,6
2326,0
2327,1
2328,0
2329,5
2330,5
2331,5
2332,9
2333,2
2334,0
2335,4
2336,1
2337,1
2338,2
2339,4
2340,3
2341,0
2342,4
2343,2
2344,5
2345,7
2346,6
2347,2
2348,7
2349,7
2350,8
2351,3
2352,9
2353,0
2354,0
2355,2
2356,1
2357,1
2358,2
2359,8
2360,3
2361,4
2362,4
2363,1
2364,5
2365,9
2366,6
2367,1
2368,7
2369,5
2370,8
2371,9
2372,9
2373,6
2374,0
2375,1
2376,1
2377,7
2378,2
2379,8
2380,3
2381,7
2382,7
2383,8
2384,8
2385,8
2386,9
2387,7
2388,6
2389,8
2390,2
2391,4
2392,7
2393,4
2394,1
2395,8
2396,5
2397,0
2398,6
2399,9
2400,2
2401,8
2402,5
2403,2
2404,0
2405,0
2406,5
2407,4
2408,4
2409,3
2410,2
2411,2
2412,0
2413,5
2414,8
2415,5
2416,1
2417,4
2418,7
2419,2
2420,1
2421,4
2422,8
2423,6
2424,3
2425,4
2426,5
2427,7
2428,7
2429,5
2430,1
2431,3
2432,7
2433,1
2434,7
2435,9
2436,0
2437,0
2438,1
2439,9
2440,4
2441,0
2442,4
2443,8
2444,4
2445,1
2446,5
2447,1
2448,7
2449,1
2450,4
2451,2
2452,4
2453,4
2454,9
2455,2
2456,7
2457,3
2458,2
2459,4
2460,6
2461,9
2462,5
2463,1
2464,3
2465,2
2466,9
2467,4
2468,4
2469,3
2470,3
2471,6
2472,9
2473,2
2474,0
2475,6
2476,8
2477,8
2478,7
2479,5
2480,6
2481,6
2482,3
2483,8
2484,0
2485,4
2486,4
2487,6
2488,6
2489,7
2490,3
2491,4
2492,7
2493,7
2494,0
2495,6
2496,1
2497,6
2498,1
2499,6
2500,2
2501,0
2502,9
2503,7
2504,3
2505,6
2506,1
2507,3
2508,8
2509,2
2510,9
2511,2
2512,8
2513,7
2514,2
2515,9
2516,5
2517,6
2518,2
2519,2
2520,6
2521,4
2522,9
2523,7
2524,6
2525,3
2526,0
2527,0
2528,5
2529,0
2530,3
2531,1
2532,3
2533,0
2534,6
2535,2
2536,3
2537,3
2538,5
2539,0
2540,0
2541,7
2542,3
2543,4
2544,7
2545,5
2546,6
2547,4
2548,1
2549,4
2550,5
2551,2
2552,5
2553,1
2554,9
2555,3
2556,8
2557,6
2558,0
2559,7
2560,9
2561,4
2562,0
2563,9
2564,1
2565,3
2566,2
2567,5
2568,3
2569,3
2570,4
2571,6
2572,5
2573,1
2574,6
2575,7
2576,7
2577,7
2578,8
2579,4
2580,9
2581,3
2582,0
2583,0
2584,1
2585,0
2586,2
2587,0
2588,3
2589,6
2590,4
2591,6
2592,7
2593,5
2594,8
2595,1
2596,9
2597,4
2598,0
2599,8
2600,1
2601,9
2602,2
2603,6
2604,3
2605,1
2606,5
2607,0
2608,6
2609,4
2610,7
2611,8
2612,8
2613,7
2614,9
2615,6
2616,0
2617,1
2618,0
2619,7
2620,1
2621,5
2622,0
2623,8
2624,1
2625,0
2626,2
2627,2
2628,3
2629,8
2630,0
2631,1
2632,6
2633,3
2634,9
2635,7
2636,6
2637,8
2638,6
2639,6
2640,5
2641,9
2642,2
2643,0
2644,9
2645,6
2646,1
2647,5
2648,4
2649,7
2650,9
2651,7
2652,5
2653,3
2654,7
2655,1
2656,5
2657,6
2658,6
2659,7
2660,7
2661,3
2662,3
2663,6
2664,1
2665,2
2666,4
2667,7
2668,1
2669,8
2670,3
2671,2
2672,3
2673,8
2674,7
2675,5
2676,3
2677,1
2678,9
2679,8
2680,8
2681,6
2682,8
2683,8
2684,8
2685,2
2686,8
2687,4
2688,8
2689,1
2690,4
2691,5
2692,7
2693,1
2694,2
2695,2
2696,1
2697,9
2698,9
2699,5
2700,8
2701,2
2702,7
2703,9
2704,9
2705,7
2706,3
2707,7
2708,3
2709,1
2710,0
2711,6
2712,7
2713,9
2714,5
2715,2
2716,4
2717,1
2718,1
2719,0
2720,1
2721,7
2722,2
2723,9
2724,6
2725,4
2726,1
2727,3
2728,5
2729,9
2730,0
2731,1
2732,1
2733,4
2734,2
2735,3
2736,3
2737,0
2738,4
2739,2
2740,5
2741,3
2742,6
2743,4
2744,7
2745,5
2746,0
2747,0
2748,1
2749,2
2750,2
2751,7
2752,3
2753,7
2754,4
2755,7
2756,5
2757,6
2758,6
2759,5
2760,7
2761,3
2762,8
2763,1
2764,9
2765,9
2766,0
2767,7
2768,1
2769,8
2770,2
2771,0
2772,3
2773,4
2774,4
2775,3
2776,5
2777,1
2778,6
2779,7
2780,9
2781,5
2782,8
2783,0
2784,2
2785,1
2786,6
2787,3
2788,9
2789,3
2790,6
2791,2
2792,1
2793,2
2794,9
2795,1
2796,9
2797,3
2798,9
2799,9
2800,4
2801,4
2802,4
2803,2
2804,6
2805,9
2806,8
2807,0
2808,1
2809,4
2810,4
2811,8
2812,1
2813,2
2814,2
2815,7
2816,9
2817,3
2818,0
2819,3
2820,4
2821,3
2822,9
2823,6
2824,1
2825,2
2826,7
2827,0
2828,4
2829,6
2830,4
2831,1
2832,1
2833,4
2834,8
2835,3
2836,7
2837,6
2838,6
2839,2
2840,0
2841,2
2842,8
2843,8
2844,1
2845,7
2846,8
2847,2
2848,2
2849,7
2850,6
2851,6
2852,2
2853,7
2854,1
2855,0
2856,2
2857,4
2858,5
2859,1
2860,4
2861,9
2862,5
2863,6
2864,6
2865,0
2866,7
2867,2
2868,7
2869,5
2870,5
2871,1
2872,3
2873,1
2874,0
2875,4
2876,2
2877,1
2878,2
2879,1
2880,2
2881,6
2882,7
2883,0
2884,3
2885,6
2886,5
2887,3
2888,2
2889,4
2890,1
2891,0
2892,4
2893,2
2894,4
2895,1
2896,3
2897,4
2898,0
2899,6
2900,0
2901,5
2902,5
2903,4
2904,7
2905,0
2906,3
2907,1
2908,1
2909,2
2910,7
2911,6
2912,9
2913,5
2914,6
2915,0
2916,3
2917,5
2918,3
2919,1
2920,0
2921,1
2922,5
2923,4
2924,6
2925,9
2926,6
2927,3
2928,5
2929,6
2930,7
2931,6
2932,3
2933,1
2934,5
2935,9
2936,0
2937,2
2938,1
2939,1
2940,2
2941,8
2942,3
2943,8
2944,4
2945,0
2946,5
2947,5
2948,6
2949,5
2950,7
2951,7
2952,8
2953,0
2954,9
2955,6
2956,0
2957,9
2958,1
2959,8
2960,2
2961,3
2962,3
2963,4
2964,4
2965,3
2966,5
2967,5
2968,6
2969,5
2970,7
2971,1
2972,8
2973,8
2974,9
2975,0
2976,0
2977,2
2978,1
2979,6
2980,2
2981,1
2982,3
2983,7
2984,4
2985,7
2986,7
2987,7
2988,8
2989,1
2990,9
2991,4
2992,8
2993,6
2994,5
2995,1
2996,7
2997,0
2998,9
2999,1
3000,5
3001,9
3002,0
3003,8
3004,8
3005,1
3006,3
3007,2
3008,5
3009,7
3010,4
3011,7
3012,8
3013,0
3014,3
3015,8
3016,0
3017,0
3018,2
3019,4
3020,1
3021,9
3022,0
3023,9
3024,2
3025,0
3026,5
3027,5
3028,3
3029,8
3030,8
3031,4
3032,5
3033,3
3034,3
3035,3
3036,0
3037,6
3038,4
3039,4
3040,4
3041,8
3042,1
3043,2
3044,6
3045,9
3046,1
3047,6
3048,3
3049,3
3050,0
3051,6
3052,3
3053,4
3054,6
3055,2
3056,9
3057,4
3058,3
3059,6
3060,7
3061,7
3062,4
3063,5
3064,7
3065,2
3066,1
3067,8
3068,0
3069,1
3070,9
3071,1
3072,4
3073,4
3074,8
3075,4
3076,3
3077,9
3078,2
3079,2
3080,7
3081,1
3082,7
3083,8
3084,9
3085,9
3086,5
3087,8
3088,7
3089,9
3090,6
3091,9
3092,4
3093,4
3094,8
3095,8
3096,9
3097,6
3098,6
3099,6
3100,9
3101,4
3102,4
3103,2
3104,1
3105,9
3106,2
3107,0
3108,0
3109,3
3110,6
3111,4
3112,1
3113,2
3114,1
3115,8
3116,6
3117,7
3118,4
3119,5
3120,8
3121,1
3122,9
3123,1
3124,6
3125,3
3126,4
3127,5
3128,6
3129,0
3130,5
3131,1
3132,0
3133,1
3134,2
3135,2
3136,0
3137,6
3138,5
3139,4
3140,6
3141,7
3142,5
3143,2
3144,0
3145,8
3146,1
3147,9
3148,2
3149,8
3150,1
3151,3
3152,7
3153,8
3154,8
3155,8
3156,1
3157,2
3158,4
3159,8
3160,3
3161,0
3162,2
3163,7
3164,8
3165,9
3166,2
3167,2
3168,7
3169,4
3170,9
3171,5
3172,3
3173,6
3174,9
3175,3
3176,0
3177,2
3178,1
3179,3
3180,2
3181,5
3182,3
3183,4
3184,4
3185,4
3186,5
3187,9
3188,6
3189,5
3190,7
3191,9
3192,8
3193,3
3194,9
3195,4
3196,0
3197,8
3198,1
3199,0
3200,2
3201,2
3202,3
3203,9
3204,4
3205,5
3206,5
3207,7
3208,6
3209,2
3210,7
3211,7
3212,8
3213,1
3214,0
3215,7
3216,3
3217,5
3218,4
3219,4
3220,5
3221,3
3222,6
3223,4
3224,7
3225,2
3226,8
3227,1
3228,9
3229,7
3230,6
3231,1
3232,0
3233,9
3234,3
3235,1
3236,4
3237,7
3238,1
3239,9
3240,4
3241,4
3242,0
3243,2
3244,8
3245,2
3246,6
3247,7
3248,0
3249,0
3250,7
3251,7
3252,8
3253,7
3254,7
3255,8
3256,7
3257,9
3258,9
3259,3
3260,0
3261,4
3262,4
3263,0
3264,9
3265,3
3266,9
3267,5
3268,7
3269,6
3270,0
3271,7
3272,5
3273,1
3274,8
3275,2
3276,5
3277,7
3278,9
3279,4
3280,8
3281,4
3282,8
3283,7
3284,7
3285,9
3286,5
3287,0
3288,6
3289,6
3290,5
3291,4
3292,3
3293,9
3294,8
3295,6
3296,1
3297,9
3298,6
3299,7
3300,8
3301,2
3302,5
3303,9
3304,9
3305,2
3306,2
3307,1
3308,2
3309,1
3310,0
3311,9
3312,9
3313,4
3314,2
3315,3
3316,4
3317,9
3318,7
3319,3
3320,3
3321,3
3322,1
3323,9
3324,3
3325,7
3326,6
3327,5
3328,6
3329,0
3330,2
3331,6
3332,1
3333,3
3334,2
3335,4
3336,6
3337,3
3338,0
3339,8
3340,2
3341,4
3342,2
3343,2
3344,7
3345,1
3346,1
3347,9
3348,3
3349,9
3350,7
3351,1
3352,4
3353,4
3354,8
3355,9
3356,9
3357,5
3358,2
3359,3
3360,9
3361,4
3362,5
3363,2
3364,6
3365,6
3366,8
3367,6
3368,0
3369,7
3370,0
3371,4
3372,9
3373,7
3374,1
3375,3
3376,1
3377,0
3378,0
3379,5
3380,1
3381,1
3382,2
3383,9
3384,3
3385,5
3386,5
3387,3
3388,6
3389,4
3390,9
3391,2
3392,0
3393,0
3394,1
3395,1
3396,2
3397,0
3398,3
3399,9
3400,4
3401,3
3402,5
3403,3
3404,6
3405,3
3406,7
3407,1
3408,1
3409,7
3410,0
3411,0
3412,1
3413,1
3414,2
3415,9
3416,3
3417,5
3418,4
3419,1
3420,5
3421,8
3422,6
3423,3
3424,7
3425,3
3426,8
3427,7
3428,1
3429,7
3430,0
3431,1
3432,1
3433,1
3434,5
3435,0
3436,3
3437,4
3438,4
3439,8
3440,4
3441,1
3442,0
3443,7
3444,0
3445,2
3446,6
3447,8
3448,9
3449,7
3450,6
3451,4
3452,6
3453,3
3454,5
3455,6
3456,4
3457,1
3458,4
3459,4
3460,4
3461,3
3462,0
3463,3
3464,7
3465,1
3466,9
3467,3
3468,5
3469,1
3470,7
3471,2
3472,3
3473,3
3474,1
3475,6
3476,4
3477,8
3478,4
3479,1
3480,0
3481,8
3482,9
3483,8
3484,9
3485,4
3486,6
3487,2
3488,1
3489,1
3490,8
3491,0
3492,3
3493,0
3494,8
3495,7
3496,8
3497,4
3498,8
3499,7
3500,8
3501,5
3502,8
3503,8
3504,4
3505,9
3506,7
3507,9
3508,7
3509,9
3510,1
3511,1
3512,9
3513,8
3514,8
3515,0
3516,7
3517,0
3518,8
3519,7
3520,9
3521,6
3522,3
3523,7
3524,3
3525,6
3526,5
3527,8
3528,5
3529,9
3530,0
3531,6
3532,7
3533,7
3534,9
3535,0
3536,5
3537,2
3538,6
3539,7
3540,5
3541,1
3542,0
3543,3
3544,6
3545,9
3546,1
3547,1
3548,4
3549,4
3550,1
3551,3
3552,1
3553,3
3554,2
3555,8
3556,8
3557,7
3558,2
3559,5
3560,6
3561,1
3562,1
3563,0
3564,5
3565,2
3566,0
3567,9
3568,1
3569,0
3570,2
3571,8
3572,3
3573,6
3574,4
3575,2
3576,5
3577,3
3578,6
3579,2
3580,7
3581,5
3582,8
3583,2
3584,9
3585,8
3586,0
3587,6
3588,1
3589,9
3590,2
3591,0
3592,3
3593,1
3594,1
3595,9
3596,5
3597,3
3598,6
3599,9
3600,7
3601,8
3602,8
3603,1
3604,0
3605,1
3606,1
3607,3
3608,2
3609,4
3610,3
3611,0
3612,4
3613,0
3614,5
3615,3
3616,6
3617,8
3618,7
3619,7
3620,8
3621,7
3622,9
3623,0
3624,6
3625,4
3626,4
3627,3
3628,2
3629,1
3630,6
3631,8
3632,4
3633,0
3634,7
3635,5
3636,5
3637,9
3638,5
3639,5
3640,4
3641,7
3642,7
3643,2
3644,8
3645,1
3646,9
3647,6
3648,2
3649,5
3650,9
3651,6
3652,3
3653,4
3654,9
3655,6
3656,3
3657,3
3658,8
3659,8
3660,2
3661,2
3662,0
3663,1
3664,9
3665,8
3666,8
3667,4
3668,0
3669,4
3670,5
3671,3
3672,6
3673,2
3674,0
3675,3
3676,1
3677,2
3678,0
3679,9
3680,2
3681,2
3682,5
3683,5
3684,3
3685,3
3686,5
3687,4
3688,3
3689,8
3690,8
3691,8
3692,0
3693,1
3694,0
3695,4
3696,5
3697,7
3698,4
3699,0
3700,3
3701,6
3702,4
3703,0
3704,1
3705,9
3706,5
3707,6
3708,3
3709,4
3710,0
3711,2
3712,8
3713,2
3714,3
3715,1
3716,0
3717,4
3718,6
3719,7
3720,2
3721,0
3722,7
3723,2
3724,1
3725,4
3726,1
3727,6
3728,8
3729,7
3730,1
3731,8
3732,7
3733,4
3734,1
3735,0
3736,3
3737,6
3738,8
3739,4
3740,4
3741,3
3742,2
3743,8
3744,0
3745,8
3746,9
3747,9
3748,7
3749,2
3750,6
3751,7
3752,7
3753,5
3754,4
3755,3
3756,1
3757,3
3758,6
3759,1
3760,8
3761,9
3762,4
3763,0
3764,1
3765,6
3766,2
3767,8
3768,6
3769,5
3770,7
3771,9
3772,1
3773,6
3774,9
3775,6
3776,8
3777,0
3778,0
3779,0
3780,6
3781,7
3782,9
3783,7
3784,4
3785,9
3786,9
3787,9
3788,9
3789,7
3790,6
3791,7
3792,2
3793,8
3794,3
3795,6
3796,7
3797,9
3798,1
3799,1
3800,2
3801,1
3802,5
3803,1
3804,3
3805,7
3806,7
3807,0
3808,8
3809,6
3810,0
3811,4
3812,1
3813,3
3814,2
3815,6
3816,3
3817,8
3818,4
3819,9
3820,5
3821,6
3822,6
3823,1
3824,7
3825,2
3826,8
3827,2
3828,7
3829,4
3830,0
3831,2
3832,1
3833,5
3834,2
3835,9
3836,3
3837,2
3838,4
3839,4
3840,5
3841,7
3842,6
3843,8
3844,7
3845,3
3846,8
3847,7
3848,9
3849,2
3850,0
3851,1
3852,1
3853,9
3854,2
3855,7
3856,3
3857,6
3858,4
3859,6
3860,5
3861,5
3862,6
3863,4
3864,7
3865,5
3866,8
3867,8
3868,9
3869,7
3870,6
3871,5
3872,2
3873,8
3874,6
3875,9
3876,5
3877,0
3878,4
3879,1
3880,2
3881,2
3882,0
3883,0
3884,8
3885,0
3886,1
3887,2
3888,7
3889,0
3890,1
3891,2
3892,8
3893,8
3894,3
3895,7
3896,7
3897,0
3898,1
3899,1
3900,7
3901,1
3902,1
3903,2
3904,4
3905,9
3906,4
3907,0
3908,5
3909,6
3910,7
3911,6
3912,4
3913,9
3914,9
3915,7
3916,7
3917,7
3918,2
3919,8
3920,6
3921,3
3922,5
3923,5
3924,3
3925,2
3926,9
3927,1
3928,9
3929,8
3930,0
3931,2
3932,8
3933,6
3934,7
3935,2
3936,9
3937,6
3938,0
3939,3
3940,6
3941,7
3942,3
3943,7
3944,0
3945,5
3946,4
3947,4
3948,6
3949,7
3950,3
3951,6
3952,7
3953,6
3954,0
3955,1
3956,1
3957,1
3958,4
3959,8
3960,8
3961,6
3962,8
3963,1
3964,1
3965,0
3966,2
3967,1
3968,9
3969,8
3970,3
3971,9
3972,1
3973,5
3974,4
3975,5
3976,2
3977,8
3978,9
3979,4
3980,8
3981,2
3982,2
3983,9
3984,8
3985,4
3986,6
3987,8
3988,9
3989,5
3990,2
3991,4
3992,9
3993,7
3994,6
3995,6
3996,3
3997,1
3998,3
3999,9
4000,6
4001,7
4002,3
4003,0
4004,1
4005,5
4006,2
4007,8
4008,5
4009,0
4010,0
4011,1
4012,3
4013,1
4014,1
4015,1
4016,5
4017,2
4018,5
4019,6
4020,9
4021,7
4022,8
4023,3
4024,0
4025,7
4026,9
4027,9
4028,0
4029,2
4030,1
4031,6
4032,2
4033,9
4034,3
4035,7
4036,4
4037,8
4038,5
4039,4
4040,6
4041,8
4042,7
4043,7
4044,8
4045,0
4046,9
4047,7
4048,0
4049,5
4050,1
4051,9
4052,2
4053,8
4054,3
4055,6
4056,4
4057,9
4058,5
4059,2
4060,6
4061,9
4062,7
4063,5
4064,8
4065,1
4066,9
4067,1
4068,0
4069,3
4070,1
4071,1
4072,2
4073,6
4074,3
4075,7
4076,4
4077,5
4078,5
4079,6
4080,6
4081,2
4082,7
4083,0
4084,8
4085,8
4086,9
4087,2
4088,6
4089,4
4090,1
4091,6
4092,9
4093,9
4094,9
4095,3
4096,9
4097,2
4098,4
4099,9
4100,4
4101,8
4102,3
4103,4
4104,8
4105,5
4106,1
4107,0
4108,4
4109,0
4110,1
4111,6
4112,2
4113,6
4114,5
4115,4
4116,0
4117,7
4118,9
4119,9
4120,5
4121,1
4122,3
4123,9
4124,0
4125,9
4126,4
4127,5
4128,9
4129,1
4130,1
4131,7
4132,7
4133,4
4134,4
4135,5
4136,4
4137,3
4138,1
4139,3
4140,8
4141,1
4142,7
4143,0
4144,6
4145,2
4146,0
4147,4
4148,8
4149,8
4150,1
4151,6
4152,8
4153,1
4154,7
4155,3
4156,6
4157,3
4158,2
4159,9
4160,0
4161,1
4162,9
4163,1
4164,1
4165,7
4166,2
4167,1
4168,5
4169,5
4170,4
4171,6
4172,5
4173,4
4174,7
4175,4
4176,7
4177,8
4178,5
4179,4
4180,3
4181,4
4182,0
4183,2
4184,2
4185,5
4186,2
4187,1
4188,2
4189,6
4190,7
4191,1
4192,3
4193,5
4194,1
4195,5
4196,4
4197,3
4198,4
4199,6
4200,3
4201,7
4202,0
4203,1
4204,0
4205,2
4206,1
4207,9
4208,7
4209,2
4210,9
4211,6
4212,7
4213,2
4214,8
4215,6
4216,8
4217,0
4218,7
4219,0
4220,9
4221,0
4222,6
4223,9
4224,3
4225,4
4226,1
4227,7
4228,7
4229,4
4230,9
4231,2
4232,6
4233,6
4234,3
4235,3
4236,3
4237,3
4238,1
4239,3
4240,0
4241,4
4242,2
4243,7
4244,6
4245,9
4246,0
4247,3
4248,5
4249,1
4250,6
4251,3
4252,6
4253,4
4254,8
4255,7
4256,7
4257,3
4258,3
4259,1
4260,5
4261,9
4262,8
4263,3
4264,3
4265,4
4266,0
4267,7
4268,1
4269,6
4270,2
4271,0
4272,3
4273,5
4274,7
4275,4
4276,8
4277,3
4278,9
4279,2
4280,0
4281,7
4282,3
4283,8
4284,4
4285,0
4286,7
4287,1
4288,8
4289,0
4290,0
4291,5
4292,1
4293,4
4294,2
4295,1
4296,8
4297,7
4298,4
4299,7
4300,5
4301,1
4302,6
4303,5
4304,7
4305,5
4306,8
4307,9
4308,9
4309,8
4310,5
4311,0
4312,1
4313,5
4314,9
4315,6
4316,9
4317,0
4318,7
4319,4
4320,1
4321,9
4322,0
4323,2
4324,9
4325,8
4326,0
4327,7
4328,5
4329,3
4330,9
4331,7
4332,7
4333,7
4334,1
4335,9
4336,3
4337,4
4338,6
4339,7
4340,3
4341,0
4342,2
4343,3
4344,0
4345,0
4346,9
4347,4
4348,0
4349,8
4350,6
4351,9
4352,1
4353,3
4354,7
4355,7
4356,2
4357,0
4358,8
4359,7
4360,3
4361,6
4362,4
4363,0
4364,7
4365,6
4366,6
4367,7
4368,6
4369,9
4370,3
4371,8
4372,2
4373,7
4374,3
4375,0
4376,8
4377,5
4378,9
4379,9
4380,4
4381,2
4382,8
4383,4
4384,8
4385,8
4386,7
4387,4
4388,1
4389,8
4390,0
4391,1
4392,8
4393,6
4394,7
4395,7
4396,7
4397,7
4398,5
4399,2
4400,9
4401,3
4402,2
4403,6
4404,3
4405,6
4406,1
4407,4
4408,1
4409,6
4410,4
4411,4
4412,5
4413,1
4414,5
4415,2
4416,0
4417,5
4418,4
4419,3
4420,8
4421,1
4422,7
4423,7
4424,4
4425,5
4426,9
4427,6
4428,2
4429,2
4430,3
4431,6
4432,6
4433,7
4434,4
4435,5
4436,1
4437,4
4438,2
4439,4
4440,4
4441,8
4442,1
4443,2
4444,5
4445,0
4446,1
4447,2
4448,9
4449,8
4450,3
4451,5
4452,2
4453,7
4454,0
4455,4
4456,0
4457,9
4458,2
4459,7
4460,9
4461,9
4462,3
4463,5
4464,6
4465,4
4466,0
4467,9
4468,1
4469,8
4470,2
4471,1
4472,3
4473,7
4474,4
4475,2
4476,5
4477,1
4478,6
4479,7
4480,7
4481,5
4482,8
4483,8
4484,9
4485,1
4486,0
4487,1
4488,1
4489,0
4490,2
4491,3
4492,3
4493,1
4494,4
4495,4
4496,5
4497,0
4498,6
4499,4
4500,7
4501,0
4502,8
4503,1
4504,9
4505,1
4506,0
4507,3
4508,1
4509,3
4510,2
4511,3
4512,3
4513,3
4514,4
4515,2
4516,5
4517,7
4518,6
4519,2
4520,7
4521,6
4522,8
4523,4
4524,9
4525,1
4526,8
4527,6
4528,0
4529,7
4530,5
4531,7
4532,6
4533,0
4534,6
4535,1
4536,0
4537,6
4538,8
4539,4
4540,0
4541,4
4542,2
4543,2
4544,3
4545,9
4546,7
4547,6
4548,9
4549,7
4550,4
4551,2
4552,7
4553,3
4554,1
4555,1
4556,9
4557,0
4558,1
4559,5
4560,7
4561,6
4562,1
4563,5
4564,0
4565,4
4566,0
4567,1
4568,4
4569,9
4570,1
4571,3
4572,7
4573,6
4574,5
4575,2
4576,7
4577,2
4578,1
4579,1
4580,3
4581,8
4582,3
4583,8
4584,3
4585,3
4586,1
4587,6
4588,6
4589,0
4590,9
4591,5
4592,7
4593,7
4594,4
4595,9
4596,3
4597,5
4598,0
4599,8
4600,2
4601,5
4602,5
4603,1
4604,2
4605,7
4606,6
4607,9
4608,0
4609,0
4610,8
4611,2
4612,9
4613,6
4614,4
4615,5
4616,3
4617,4
4618,5
4619,7
4620,4
4621,6
4622,8
4623,5
4624,1
4625,0
4626,5
4627,4
4628,9
4629,3
4630,0
4631,9
4632,6
4633,3
4634,4
4635,1
4636,6
4637,9
4638,8
4639,1
4640,1
4641,5
4642,4
4643,0
4644,7
4645,1
4646,5
4647,2
4648,7
4649,2
4650,2
4651,2
4652,2
4653,8
4654,0
4655,1
4656,0
4657,0
4658,1
4659,3
4660,7
4661,6
4662,7
4663,2
4664,9
4665,2
4666,5
4667,6
4668,9
4669,9
4670,8
4671,5
4672,9
4673,7
4674,6
4675,3
4676,8
4677,1
4678,8
4679,9
4680,2
4681,7
4682,3
4683,0
4684,6
4685,8
4686,1
4687,0
4688,2
4689,0
4690,9
4691,9
4692,8
4693,8
4694,9
4695,3
4696,5
4697,1
4698,2
4699,8
4700,6
4701,8
4702,2
4703,6
4704,4
4705,5
4706,8
4707,2
4708,4
4709,1
4710,6
4711,1
4712,5
4713,6
4714,0
4715,2
4716,1
4717,2
4718,2
4719,0
4720,3
4721,9
4722,4
4723,2
4724,5
4725,6
4726,7
4727,7
4728,8
4729,5
4730,0
4731,4
4732,1
4733,6
4734,2
4735,7
4736,3
4737,3
4738,4
4739,0
4740,5
4741,3
4742,6
4743,3
4744,7
4745,0
4746,8
4747,4
4748,9
4749,0
4750,0
4751,1
4752,1
4753,5
4754,2
4755,9
4756,3
4757,0
4758,4
4759,4
4760,7
4761,5
4762,8
4763,7
4764,1
4765,1
4766,6
4767,1
4768,8
4769,4
4770,9
4771,6
4772,9
4773,1
4774,0
4775,7
4776,1
4777,0
4778,2
4779,6
4780,4
4781,4
4782,4
4783,4
4784,3
4785,7
4786,7
4787,5
4788,4
4789,9
4790,4
4791,1
4792,4
4793,3
4794,0
4795,7
4796,3
4797,4
4798,8
4799,4
4800,7
4801,6
4802,5
4803,9
4804,8
4805,0
4806,2
4807,7
4808,1
4809,3
4810,7
4811,1
4812,9
4813,4
4814,1
4815,8
4816,1
4817,9
4818,6
4819,6
4820,2
4821,8
4822,1
4823,7
4824,3
4825,9
4826,8
4827,9
4828,6
4829,6
4830,4
4831,9
4832,9
4833,7
4834,4
4835,9
4836,2
4837,3
4838,4
4839,4
4840,4
4841,7
4842,6
4843,7
4844,2
4845,5
4846,5
4847,2
4848,5
4849,8
4850,0
4851,3
4852,2
4853,0
4854,8
4855,0
4856,0
4857,2
4858,6
4859,7
4860,8
4861,8
4862,1
4863,8
4864,7
4865,3
4866,1
4867,3
4868,6
4869,3
4870,7
4871,0
4872,6
4873,1
4874,9
4875,4
4876,7
4877,7
4878,4
4879,3
4880,9
4881,2
4882,3
4883,6
4884,3
4885,1
4886,5
4887,6
4888,8
4889,7
4890,0
4891,4
4892,3
4893,0
4894,7
4895,9
4896,9
4897,4
4898,7
4899,3
4900,7
4901,1
4902,9
4903,9
4904,1
4905,7
4906,6
4907,0
4908,7
4909,5
4910,8
4911,6
4912,0
4913,9
4914,1
4915,2
4916,2
4917,9
4918,3
4919,0
4920,4
4921,1
4922,5
4923,6
4924,6
4925,1
4926,7
4927,0
4928,8
4929,7
4930,9
4931,6
4932,0
4933,9
4934,1
4935,6
4936,2
4937,9
4938,3
4939,2
4940,4
4941,5
4942,5
4943,1
4944,6
4945,1
4946,7
4947,7
4948,8
4949,5
4950,9
4951,1
4952,0
4953,4
4954,1
4955,4
4956,3
4957,3
4958,3
4959,1
4960,4
4961,1
4962,5
4963,0
4964,6
4965,7
4966,7
4967,3
4968,8
4969,3
4970,5
4971,1
4972,1
4973,1
4974,9
4975,5
4976,9
4977,1
4978,7
4979,1
4980,1
4981,6
4982,0
4983,8
4984,9
4985,7
4986,0
4987,1
4988,5
4989,3
4990,9
4991,6
4992,7
4993,8
4994,1
4995,0
4996,7
4997,3
4998,2
4999,1
5000,2
5001,7
5002,3
5003,4
5004,6
5005,1
5006,8
5007,1
5008,0
5009,9
5010,8
5011,0
5012,3
5013,1
5014,3
5015,7
5016,0
5017,2
5018,9
5019,6
5020,0
5021,1
5022,6
5023,7
5024,1
5025,9
5026,7
5027,6
5028,5
5029,5
5030,8
5031,8
5032,3
5033,4
5034,4
5035,8
5036,7
5037,3
5038,6
5039,4
5040,6
5041,6
5042,3
5043,6
5044,8
5045,9
5046,9
5047,4
5048,4
5049,0
5050,7
5051,8
5052,1
5053,0
5054,0
5055,1
5056,8
5057,5
5058,7
5059,1
5060,7
5061,5
5062,5
5063,9
5064,9
5065,4
5066,2
5067,5
5068,3
5069,7
5070,4
5071,6
5072,6
5073,0
5074,1
5075,0
5076,1
5077,2
5078,4
5079,8
5080,5
5081,3
5082,5
5083,0
5084,0
5085,6
5086,4
5087,3
5088,8
5089,3
5090,7
5091,1
5092,4
5093,3
5094,9
5095,2
5096,2
5097,0
5098,3
5099,6
5100,6
5101,7
5102,4
5103,3
5104,0
5105,2
5106,4
5107,9
5108,1
5109,0
5110,5
5111,2
5112,4
5113,8
5114,2
5115,1
5116,0
5117,8
5118,4
5119,4
5120,8
5121,0
5122,6
5123,4
5124,1
5125,1
5126,9
5127,6
5128,3
5129,1
5130,2
5131,9
5132,0
5133,1
5134,0
5135,9
5136,2
5137,9
5138,9
5139,4
5140,3
5141,8
5142,6
5143,9
5144,3
5145,0
5146,6
5147,7
5148,0
5149,3
5150,1
5151,4
5152,2
5153,3
5154,3
5155,0
5156,4
5157,2
5158,5
5159,5
5160,6
5161,3
5162,7
5163,2
5164,8
5165,5
5166,9
5167,2
5168,0
5169,1
5170,1
5171,5
5172,2
5173,9
5174,3
5175,1
5176,4
5177,1
5178,5
5179,7
5180,6
5181,4
5182,7
5183,7
5184,8
5185,3
5186,9
5187,3
5188,0
5189,5
5190,1
5191,3
5192,2
5193,0
5194,3
5195,0
5196,4
5197,0
5198,7
5199,4
5200,8
5201,8
5202,9
5203,0
5204,0
5205,1
5206,8
5207,7
5208,3
5209,9
5210,9
5211,5
5212,5
5213,9
5214,6
5215,7
5216,8
5217,1
5218,4
5219,6
5220,9
5221,8
5222,1
5223,6
5224,7
5225,9
5226,1
5227,6
5228,2
5229,0
5230,9
5231,6
5232,6
5233,2
5234,9
5235,1
5236,1
5237,2
5238,1
5239,3
5240,1
5241,5
5242,2
5243,7
5244,8
5245,0
5246,1
5247,0
5248,2
5249,8
5250,0
5251,2
5252,7
5253,3
5254,7
5255,5
5256,5
5257,1
5258,8
5259,2
5260,2
5261,6
5262,9
5263,1
5264,8
5265,7
5266,4
5267,0
5268,6
5269,0
5270,7
5271,3
5272,1
5273,0
5274,6
5275,6
5276,0
5277,9
5278,3
5279,4
5280,6
5281,7
5282,8
5283,9
5284,7
5285,3
5286,0
5287,0
5288,4
5289,0
5290,2
5291,6
5292,7
5293,5
5294,4
5295,6
5296,4
5297,8
5298,2
5299,4
5300,8
5301,7
5302,1
5303,7
5304,5
5305,1
5306,1
5307,2
5308,2
5309,7
5310,5
5311,6
5312,6
5313,7
5314,4
5315,2
5316,3
5317,9
5318,0
5319,2
5320,0
5321,9
5322,0
5323,4
5324,3
5325,4
5326,7
5327,7
5328,0
5329,3
5330,6
5331,0
5332,4
5333,0
5334,8
5335,6
5336,8
5337,1
5338,3
5339,9
5340,9
5341,0
5342,9
5343,0
5344,8
5345,0
5346,2
5347,8
5348,7
5349,8
5350,7
5351,9
5352,1
5353,7
5354,0
5355,3
5356,1
5357,4
5358,2
5359,3
5360,3
5361,8
5362,4
5363,9
5364,5
5365,6
5366,6
5367,4
5368,7
5369,0
5370,8
5371,3
5372,9
5373,8
5374,0
5375,6
5376,1
5377,8
5378,2
5379,5
5380,3
5381,2
5382,4
5383,5
5384,5
5385,6
5386,6
5387,9
5388,7
5389,3
5390,8
5391,7
5392,9
5393,3
5394,0
5395,8
5396,1
5397,3
5398,2
5399,0
5400,3
5401,2
5402,4
5403,9
5404,5
5405,9
5406,6
5407,4
5408,7
5409,1
5410,8
5411,4
5412,9
5413,3
5414,6
5415,5
5416,2
5417,7
5418,5
5419,8
5420,6
5421,2
5422,2
5423,8
5424,5
5425,5
5426,1
5427,9
5428,7
5429,1
5430,1
5431,0
5432,8
5433,3
5434,3
5435,3
5436,8
5437,2
5438,7
5439,2
5440,1
5441,5
5442,7
5443,3
5444,1
5445,4
5446,4
5447,7
5448,7
5449,7
5450,2
5451,4
5452,6
5453,5
5454,5
5455,9
5456,3
5457,5
5458,9
5459,3
5460,9
5461,8
5462,0
5463,0
5464,8
5465,0
5466,7
5467,6
5468,3
5469,0
5470,0
5471,0
5472,3
5473,7
5474,7
5475,8
5476,0
5477,8
5478,1
5479,9
5480,1
5481,2
5482,2
5483,4
5484,1
5485,1
5486,6
5487,6
5488,0
5489,0
5490,5
5491,4
5492,3
5493,9
5494,3
5495,1
5496,6
5497,7
5498,3
5499,0
5500,5
5501,1
5502,9
5503,0
5504,9
5505,7
5506,0
5507,5
5508,1
5509,2
5510,2
5511,3
5512,3
5513,0
5514,4
5515,0
5516,5
5517,1
5518,6
5519,9
5520,7
5521,1
5522,8
5523,9
5524,9
5525,6
5526,0
5527,5
5528,1
5529,2
5530,2
5531,1
5532,3
5533,9
5534,4
5535,8
5536,7
5537,8
5538,8
5539,9
5540,9
5541,7
5542,0
5543,3
5544,1
5545,9
5546,2
5547,7
5548,3
5549,8
5550,4
5551,5
5552,5
5553,1
5554,6
5555,5
5556,7
5557,6
5558,8
5559,9
5560,9
5561,0
5562,6
5563,5
5564,0
5565,7
5566,7
5567,6
5568,3
5569,7
5570,7
5571,1
5572,1
5573,9
5574,3
5575,8
5576,7
5577,6
5578,9
5579,3
5580,7
5581,4
5582,4
5583,1
5584,0
5585,7
5586,0
5587,6
5588,6
5589,3
5590,9
5591,4
5592,5
5593,9
5594,6
5595,8
5596,9
5597,7
5598,8
5599,5
5600,5
5601,6
5602,1
5603,2
5604,5
5605,0
5606,3
5607,5
5608,9
5609,0
5610,8
5611,1
5612,3
5613,0
5614,4
5615,9
5616,0
5617,1
5618,5
5619,2
5620,6
5621,5
5622,3
5623,0
5624,4
5625,1
5626,8
5627,7
5628,0
5629,1
5630,6
5631,1
5632,4
5633,6
5634,8
5635,6
5636,1
5637,4
5638,3
5639,7
5640,4
5641,3
5642,0
5643,3
5644,1
5645,1
5646,9
5647,0
5648,2
5649,1
5650,3
5651,7
5652,7
5653,7
5654,5
5655,6
5656,1
5657,2
5658,7
5659,9
5660,2
5661,3
5662,8
5663,0
5664,7
5665,9
5666,0
5667,5
5668,1
5669,5
5670,9
5671,8
5672,6
5673,9
5674,4
5675,0
5676,1
5677,1
5678,2
5679,5
5680,3
5681,8
5682,1
5683,6
5684,3
5685,6
5686,5
5687,6
5688,3
5689,5
5690,4
5691,0
5692,1
5693,0
5694,6
5695,0
5696,8
5697,8
5698,0
5699,0
5700,8
5701,2
5702,9
5703,3
5704,4
5705,9
5706,9
5707,2
5708,2
5709,1
5710,6
5711,3
5712,0
5713,5
5714,1
5715,1
5716,2
5717,7
5718,3
5719,9
5720,5
5721,4
5722,6
5723,2
5724,7
5725,2
5726,8
5727,9
5728,9
5729,3
5730,0
5731,0
5732,1
5733,1
5734,2
5735,4
5736,4
5737,3
5738,5
5739,3
5740,6
5741,0
5742,7
5743,5
5744,8
5745,2
5746,9
5747,9
5748,0
5749,3
5750,1
5751,6
5752,2
5753,5
5754,3
5755,7
5756,4
5757,1
5758,5
5759,2
5760,6
5761,1
5762,7
5763,2
5764,8
5765,4
5766,9
5767,6
5768,0
5769,7
5770,7
5771,3
5772,3
5773,6
5774,0
5775,6
5776,8
5777,5
5778,4
5779,7
5780,1
5781,6
5782,8
5783,6
5784,8
5785,7
5786,1
5787,7
5788,3
5789,3
5790,1
5791,2
5792,8
5793,4
5794,3
5795,4
5796,7
5797,4
5798,9
5799,3
5800,3
5801,8
5802,0
5803,6
5804,9
5805,6
5806,4
5807,9
5808,4
5809,0
5810,0
5811,6
5812,7
5813,3
5814,4
5815,1
5816,2
5817,2
5818,9
5819,7
5820,8
5821,3
5822,9
5823,4
5824,2
5825,1
5826,7
5827,6
5828,8
5829,5
5830,9
5831,0
5832,3
5833,6
5834,1
5835,1
5836,4
5837,9
5838,6
5839,3
5840,5
5841,1
5842,2
5843,7
5844,2
5845,0
5846,2
5847,6
5848,5
5849,6
5850,6
5851,1
5852,7
5853,3
5854,8
5855,4
5856,7
5857,5
5858,5
5859,3
5860,1
5861,9
5862,6
5863,1
5864,4
5865,1
5866,9
5867,5
5868,2
5869,9
5870,9
5871,3
5872,3
5873,5
5874,5
5875,9
5876,3
5877,1
5878,6
5879,9
5880,6
5881,4
5882,0
5883,1
5884,0
5885,0
5886,2
5887,0
5888,5
5889,0
5890,6
5891,2
5892,4
5893,9
5894,9
5895,8
5896,2
5897,7
5898,7
5899,9
5900,4
5901,2
5902,9
5903,2
5904,1
5905,5
5906,0
5907,7
5908,2
5909,2
5910,2
5911,6
5912,3
5913,7
5914,6
5915,2
5916,1
5917,3
5918,8
5919,9
5920,3
5921,6
5922,0
5923,3
5924,3
5925,9
5926,5
5927,3
5928,0
5929,2
5930,0
5931,1
5932,6
5933,0
5934,1
5935,5
5936,6
5937,1
5938,9
5939,0
5940,5
5941,9
5942,3
5943,3
5944,9
5945,4
5946,4
5947,7
5948,5
5949,6
5950,8
5951,1
5952,6
5953,2
5954,7
5955,4
5956,1
5957,6
5958,1
5959,3
5960,7
5961,4
5962,0
5963,6
5964,1
5965,9
5966,2
5967,1
5968,3
5969,7
5970,4
5971,3
5972,5
5973,8
5974,6
5975,3
5976,7
5977,7
5978,8
5979,0
5980,9
5981,3
5982,0
5983,4
5984,1
5985,5
5986,2
5987,7
5988,3
5989,2
5990,4
5991,6
5992,5
5993,9
5994,6
5995,1
5996,7
5997,6
5998,8
5999,6
6000,9
6001,6
6002,0
6003,1
6004,1
6005,5
6006,2
6007,8
6008,3
6009,0
6010,4
6011,9
6012,5
6013,2
6014,6
6015,7
6016,7
6017,3
6018,8
6019,5
6020,9
6021,1
6022,1
6023,8
6024,0
6025,6
6026,4
6027,5
6028,5
6029,4
6030,6
6031,8
6032,6
6033,3
6034,3
6035,0
6036,4
6037,9
6038,4
6039,2
6040,2
6041,3
6042,8
6043,9
6044,1
6045,2
6046,0
6047,7
6048,6
6049,3
6050,4
6051,7
6052,9
6053,1
6054,7
6055,7
6056,2
6057,2
6058,3
6059,4
6060,3
6061,2
6062,9
6063,1
6064,2
6065,7
6066,0
6067,6
6068,9
6069,5
6070,3
6071,1
6072,3
6073,8
6074,9
6075,9
6076,1
6077,0
6078,5
6079,9
6080,2
6081,2
6082,3
6083,1
6084,1
6085,9
6086,6
6087,5
6088,7
6089,7
6090,3
6091,6
6092,7
6093,9
6094,8
6095,0
6096,4
6097,5
6098,0
6099,3
6100,2
6101,9
6102,4
6103,8
6104,0
6105,1
6106,2
6107,3
6108,4
6109,1
6110,7
6111,1
6112,8
6113,5
6114,0
6115,2
6116,7
6117,1
6118,0
6119,3
6120,6
6121,4
6122,9
6123,1
6124,3
6125,2
6126,2
6127,2
6128,4
6129,4
6130,8
6131,1
6132,6
6133,7
6134,0
6135,7
6136,1
6137,8
6138,0
6139,2
6140,6
6141,7
6142,7
6143,1
6144,2
6145,2
6146,9
6147,0
6148,7
6149,3
6150,9
6151,6
6152,5
6153,8
6154,8
6155,4
6156,9
6157,9
6158,6
6159,8
6160,6
6161,4
6162,2
6163,9
6164,8
6165,9
6166,1
6167,9
6168,7
6169,2
6170,5
6171,3
6172,5
6173,2
6174,7
6175,9
6176,3
6177,7
6178,5
6179,6
6180,0
6181,5
6182,1
6183,3
6184,1
6185,4
6186,3
6187,1
6188,8
6189,5
6190,4
6191,2
6192,9
6193,1
6194,4
6195,6
6196,5
6197,8
6198,1
6199,5
6200,8
6201,5
6202,6
6203,7
6204,8
6205,2
6206,9
6207,1
6208,0
6209,1
6210,1
6211,4
6212,2
6213,2
6214,3
6215,8
6216,4
6217,3
6218,5
6219,4
6220,6
6221,4
6222,7
6223,2
6224,8
6225,7
6226,9
6227,1
6228,0
6229,0
6230,1
6231,3
6232,2
6233,1
6234,3
6235,9
6236,4
6237,6
6238,5
6239,9
6240,6
6241,8
6242,7
6243,8
6244,8
6245,1
6246,0
6247,6
6248,1
6249,7
6250,2
6251,7
6252,3
6253,2
6254,4
6255,9
6256,5
6257,4
6258,6
6259,4
6260,7
6261,4
6262,8
6263,1
6264,9
6265,5
6266,6
6267,6
6268,6
6269,4
6270,0
6271,2
6272,4
6273,9
6274,2
6275,5
6276,8
6277,5
6278,1
6279,7
6280,0
6281,7
6282,6
6283,3
6284,4
6285,8
6286,9
6287,3
6288,7
6289,8
6290,2
6291,5
6292,3
6293,0
6294,3
6295,9
6296,9
6297,0
6298,3
6299,3
6300,3
6301,5
6302,9
6303,0
6304,1
6305,7
6306,5
6307,9
6308,2
6309,4
6310,3
6311,9
6312,1
6313,4
6314,6
6315,4
6316,9
6317,0
6318,3
6319,1
6320,7
6321,0
6322,8
6323,8
6324,4
6325,5
6326,0
6327,0
6328,2
6329,1
6330,4
6331,0
6332,0
6333,0
6334,7
6335,9
6336,8
6337,4
6338,0
6339,6
6340,7
6341,3
6342,0
6343,3
6344,6
6345,2
6346,9
6347,5
6348,0
6349,2
6350,2
6351,3
6352,4
6353,5
6354,8
6355,8
6356,6
6357,1
6358,0
6359,7
6360,5
6361,2
6362,7
6363,3
6364,5
6365,8
6366,1
6367,1
6368,0
6369,9
6370,8
6371,5
6372,1
6373,1
6374,6
6375,5
6376,7
6377,9
6378,2
6379,7
6380,9
6381,1
6382,7
6383,9
6384,9
6385,1
6386,5
6387,2
6388,6
6389,6
6390,5
6391,8
6392,2
6393,6
6394,6
6395,0
6396,1
6397,6
6398,7
6399,3
6400,5
6401,0
6402,5
6403,6
6404,7
6405,8
6406,3
6407,0
6408,5
6409,1
6410,0
6411,3
6412,1
6413,5
6414,1
6415,2
6416,3
6417,1
6418,8
6419,6
6420,1
6421,3
6422,0
6423,0
6424,1
6425,4
6426,2
6427,5
6428,3
6429,2
6430,4
6431,3
6432,5
6433,7
6434,6
6435,5
6436,7
6437,1
6438,8
6439,9
6440,9
6441,3
6442,0
6443,2
6444,1
6445,0
6446,2
6447,0
6448,3
6449,6
6450,4
6451,3
6452,5
6453,6
6454,6
6455,4
6456,7
6457,6
6458,8
6459,1
6460,9
6461,9
6462,0
6463,4
6464,1
6465,6
6466,2
6467,0
6468,3
6469,0
6470,4
6471,8
6472,5
6473,5
6474,6
6475,6
6476,7
6477,7
6478,8
6479,2
6480,9
6481,2
6482,7
6483,6
6484,4
6485,4
6486,7
6487,6
6488,7
6489,1
6490,3
6491,4
6492,9
6493,2
6494,8
6495,2
6496,8
6497,0
6498,3
6499,5
6500,1
6501,3
6502,5
6503,0
6504,8
6505,3
6506,2
6507,8
6508,7
6509,8
6510,6
6511,7
6512,1
6513,8
6514,5
6515,9
6516,2
6517,3
6518,6
6519,9
6520,4
6521,9
6522,1
6523,3
6524,8
6525,5
6526,7
6527,6
6528,5
6529,7
6530,5
6531,1
6532,1
6533,4
6534,8
6535,9
6536,9
6537,4
6538,1
6539,0
6540,3
6541,2
6542,6
6543,9
6544,3
6545,8
6546,3
6547,4
6548,2
6549,6
6550,2
6551,7
6552,6
6553,4
6554,6
6555,1
6556,5
6557,4
6558,5
6559,1
6560,3
6561,4
6562,3
6563,6
6564,8
6565,9
6566,1
6567,7
6568,6
6569,1
6570,5
6571,1
6572,6
6573,6
6574,8
6575,6
6576,1
6577,3
6578,9
6579,6
6580,7
6581,8
6582,6
6583,6
6584,8
6585,3
6586,3
6587,1
6588,7
6589,9
6590,9
6591,7
6592,0
6593,3
6594,0
6595,3
6596,3
6597,4
6598,7
6599,4
6600,9
6601,7
6602,3
6603,6
6604,0
6605,8
6606,2
6607,8
6608,0
6609,4
6610,1
6611,5
6612,0
6613,3
6614,1
6615,0
6616,0
6617,7
6618,1
6619,8
6620,0
6621,8
6622,4
6623,8
6624,7
6625,2
6626,9
6627,2
6628,2
6629,2
6630,0
6631,0
6632,6
6633,3
6634,2
6635,9
6636,6
6637,1
6638,2
6639,6
6640,2
6641,1
6642,9
6643,2
6644,9
6645,5
6646,0
6647,5
6648,1
6649,0
6650,2
6651,7
6652,3
6653,4
6654,4
6655,1
6656,5
6657,4
6658,6
6659,3
6660,8
6661,5
6662,9
6663,3
6664,0
6665,5
6666,1
6667,7
6668,3
6669,9
6670,4
6671,6
6672,5
6673,4
6674,6
6675,4
6676,7
6677,0
6678,8
6679,1
6680,9
6681,5
6682,0
6683,1
6684,1
6685,0
6686,2
6687,7
6688,3
6689,7
6690,4
6691,6
6692,5
6693,6
6694,6
6695,9
6696,7
6697,7
6698,8
6699,1
6700,9
6701,0
6702,1
6703,1
6704,8
6705,0
6706,6
6707,3
6708,7
6709,0
6710,1
6711,3
6712,3
6713,5
6714,7
6715,9
6716,7
6717,4
6718,9
6719,1
6720,3
6721,6
6722,6
6723,7
6724,0
6725,4
6726,2
6727,6
6728,6
6729,8
6730,4
6731,0
6732,8
6733,6
6734,4
6735,9
6736,6
6737,1
6738,0
6739,0
6740,3
6741,7
6742,9
6743,6
6744,2
6745,8
6746,1
6747,2
6748,1
6749,1
6750,5
6751,3
6752,9
6753,7
6754,4
6755,3
6756,2
6757,7
6758,0
6759,0
6760,4
6761,8
6762,4
6763,3
6764,0
6765,2
6766,9
6767,3
6768,6
6769,0
6770,9
6771,7
6772,1
6773,5
6774,2
6775,8
6776,1
6777,5
6778,7
6779,4
6780,9
6781,2
6782,5
6783,5
6784,1
6785,3
6786,1
6787,5
6788,9
6789,8
6790,6
6791,9
6792,0
6793,8
6794,1
6795,4
6796,8
6797,6
6798,4
6799,4
6800,6
6801,6
6802,8
6803,0
6804,8
6805,4
6806,2
6807,8
6808,6
6809,8
6810,5
6811,4
6812,2
6813,4
6814,9
6815,8
6816,2
6817,1
6818,4
6819,9
6820,0
6821,9
6822,9
6823,1
6824,0
6825,7
6826,3
6827,3
6828,3
6829,6
6830,5
6831,5
6832,8
6833,0
6834,4
6835,1
6836,7
6837,5
6838,6
6839,9
6840,2
6841,5
6842,2
6843,9
6844,7
6845,3
6846,7
6847,2
6848,0
6849,0
6850,5
6851,9
6852,1
6853,5
6854,5
6855,6
6856,3
6857,3
6858,0
6859,7
6860,1
6861,2
6862,2
6863,7
6864,3
6865,1
6866,4
6867,7
6868,5
6869,5
6870,6
6871,1
6872,7
6873,9
6874,8
6875,6
6876,0
6877,6
6878,1
6879,7
6880,9
6881,1
6882,7
6883,7
6884,0
6885,5
6886,8
6887,9
6888,4
6889,5
6890,7
6891,4
6892,8
6893,3
6894,9
6895,3
6896,6
6897,8
6898,8
6899,3
6900,2
6901,1
6902,4
6903,7
6904,6
6905,3
6906,8
6907,3
6908,6
6909,7
6910,6
6911,2
6912,7
6913,3
6914,1
6915,9
6916,7
6917,8
6918,0
6919,9
6920,2
6921,5
6922,2
6923,9
6924,0
6925,8
6926,1
6927,1
6928,6
6929,0
6930,5
6931,6
6932,1
6933,7
6934,2
6935,9
6936,0
6937,5
6938,2
6939,8
6940,3
6941,8
6942,4
6943,3
6944,8
6945,2
6946,3
6947,1
6948,7
6949,2
6950,4
6951,9
6952,1
6953,8
6954,7
6955,6
6956,4
6957,7
6958,8
6959,0
6960,3
6961,0
6962,9
6963,5
6964,6
6965,9
6966,7
6967,3
6968,0
6969,0
6970,9
6971,0
6972,6
6973,0
6974,0
6975,2
6976,6
6977,8
6978,1
6979,5
6980,0
6981,5
6982,5
6983,6
6984,5
6985,5
6986,1
6987,7
6988,0
6989,5
6990,1
6991,4
6992,0
6993,2
6994,9
6995,8
6996,4
6997,4
6998,5
6999,1
7000,9
7001,8
7002,7
7003,4
7004,0
7005,0
7006,2
7007,5
7008,1
7009,6
7010,9
7011,4
7012,9
7013,0
7014,9
7015,2
7016,6
7017,9
7018,7
7019,0
7020,4
7021,1
7022,8
7023,1
7024,9
7025,5
7026,0
7027,8
7028,1
7029,7
7030,2
7031,3
7032,3
7033,5
7034,7
7035,8
7036,8
7037,9
7038,0
7039,0
7040,1
7041,1
7042,2
7043,8
7044,3
7045,5
7046,4
7047,3
7048,5
7049,8
7050,6
7051,0
7052,8
7053,0
7054,9
7055,7
7056,0
7057,9
7058,1
7059,2
7060,7
7061,1
7062,9
7063,0
7064,6
7065,6
7066,3
7067,0
7068,3
7069,5
7070,9
7071,9
7072,9
7073,2
7074,5
7075,1
7076,1
7077,8
7078,4
7079,1
7080,2
7081,5
7082,5
7083,2
7084,4
7085,1
7086,7
7087,6
7088,9
7089,2
7090,1
7091,4
7092,5
7093,7
7094,2
7095,9
7096,6
7097,6
7098,3
7099,9
7100,7
7101,4
7102,8
7103,6
7104,5
7105,6
7106,1
7107,3
7108,2
7109,9
7110,6
7111,9
7112,6
7113,5
7114,7
7115,5
7116,8
7117,1
7118,8
7119,9
7120,1
7121,4
7122,8
7123,8
7124,3
7125,4
7126,7
7127,6
7128,0
7129,0
7130,0
7131,0
7132,1
7133,3
7134,5
7135,3
7136,0
7137,3
7138,5
7139,1
7140,2
7141,2
7142,8
7143,8
7144,0
7145,5
7146,4
7147,0
7148,3
7149,9
7150,1
7151,3
7152,8
7153,4
7154,2
7155,5
7156,9
7157,3
7158,9
7159,0
7160,5
7161,1
7162,2
7163,3
7164,6
7165,0
7166,5
7167,4
7168,7
7169,6
7170,1
7171,2
7172,9
7173,5
7174,7
7175,7
7176,1
7177,1
7178,2
7179,4
7180,6
7181,9
7182,0
7183,8
7184,0
7185,8
7186,1
7187,4
7188,2
7189,1
7190,3
7191,8
7192,4
7193,3
7194,5
7195,9
7196,6
7197,2
7198,7
7199,9
7200,8
7201,9
7202,9
7203,6
7204,0
7205,4
7206,1
7207,6
7208,2
7209,9
7210,3
7211,7
7212,4
7213,6
7214,7
7215,3
7216,9
7217,5
7218,9
7219,8
7220,0
7221,6
7222,1
7223,1
7224,2
7225,6
7226,3
7227,7
7228,4
7229,8
7230,7
7231,6
7232,7
7233,5
7234,7
7235,1
7236,5
7237,7
7238,1
7239,5
7240,9
7241,1
7242,9
7243,2
7244,0
7245,5
7246,9
7247,5
7248,0
7249,4
7250,5
7251,3
7252,9
7253,9
7254,1
7255,0
7256,7
7257,9
7258,2
7259,9
7260,7
7261,5
7262,3
7263,2
7264,3
7265,9
7266,2
7267,2
7268,0
7269,6
7270,9
7271,6
7272,0
7273,0
7274,6
7275,9
7276,1
7277,5
7278,7
7279,7
7280,5
7281,4
7282,0
7283,4
7284,5
7285,7
7286,4
7287,0
7288,9
7289,3
7290,6
7291,8
7292,6
7293,2
7294,3
7295,6
7296,3
7297,4
7298,8
7299,6
7300,1
7301,8
7302,7
7303,5
7304,1
7305,7
7306,0
7307,7
7308,8
7309,1
7310,7
7311,9
7312,5
7313,9
7314,2
7315,7
7316,1
7317,8
7318,1
7319,0
7320,4
7321,8
7322,5
7323,3
7324,5
7325,1
7326,0
7327,2
7328,4
7329,8
7330,1
7331,1
7332,7
7333,3
7334,4
7335,7
7336,9
7337,3
7338,2
7339,0
7340,3
7341,7
7342,6
7343,6
7344,4
7345,2
7346,1
7347,5
7348,7
7349,7
7350,1
7351,4
7352,5
7353,7
7354,2
7355,5
7356,0
7357,8
7358,4
7359,0
7360,8
7361,2
7362,6
7363,7
7364,1
7365,0
7366,9
7367,4
7368,3
7369,5
7370,2
7371,2
7372,0
7373,0
7374,0
7375,5
7376,7
7377,8
7378,5
7379,0
7380,6
7381,7
7382,9
7383,5
7384,3
7385,7
7386,6
7387,7
7388,5
7389,7
7390,6
7391,5
7392,0
7393,2
7394,1
7395,2
7396,2
7397,3
7398,3
7399,6
7400,4
7401,8
7402,6
7403,1
7404,7
7405,1
7406,8
7407,1
7408,9
7409,2
7410,0
7411,1
7412,1
7413,3
7414,2
7415,2
7416,3
7417,9
7418,4
7419,7
7420,5
7421,7
7422,1
7423,3
7424,7
7425,1
7426,8
7427,4
7428,0
7429,2
7430,1
7431,9
7432,2
7433,2
7434,3
7435,6
7436,1
7437,8
7438,7
7439,9
7440,8
7441,1
7442,8
7443,4
7444,5
7445,5
7446,7
7447,7
7448,9
7449,5
7450,5
7451,8
7452,0
7453,6
7454,8
7455,1
7456,3
7457,6
7458,5
7459,0
7460,4
7461,6
7462,8
7463,0
7464,3
7465,4
7466,0
7467,0
7468,2
7469,9
7470,1
7471,7
7472,0
7473,1
7474,2
7475,9
7476,5
7477,2
7478,8
7479,9
7480,8
7481,5
7482,5
7483,5
7484,3
7485,2
7486,0
7487,2
7488,4
7489,8
7490,4
7491,6
7492,1
7493,9
7494,6
7495,7
7496,1
7497,1
7498,3
7499,9
7500,0
7501,2
7502,3
7503,4
7504,6
7505,6
7506,9
7507,0
7508,3
7509,8
7510,7
7511,2
7512,9
7513,8
7514,7
7515,8
7516,0
7517,6
7518,4
7519,9
7520,8
7521,2
7522,3
7523,6
7524,2
7525,1
7526,7
7527,4
7528,7
7529,1
7530,9
7531,1
7532,5
7533,1
7534,1
7535,7
7536,5
7537,1
7538,2
7539,9
7540,8
7541,8
7542,7
7543,1
7544,6
7545,6
7546,9
7547,5
7548,7
7549,0
7550,6
7551,8
7552,4
7553,0
7554,1
7555,2
7556,2
7557,3
7558,0
7559,1
7560,6
7561,4
7562,1
7563,6
7564,1
7565,6
7566,7
7567,0
7568,2
7569,7
7570,3
7571,8
7572,6
7573,1
7574,4
7575,1
7576,8
7577,2
7578,6
7579,4
7580,4
7581,6
7582,6
7583,3
7584,5
7585,5
7586,0
7587,8
7588,2
7589,1
7590,0
7591,3
7592,5
7593,5
7594,6
7595,2
7596,5
7597,4
7598,0
7599,6
7600,1
7601,3
7602,2
7603,9
7604,1
7605,8
7606,7
7607,8
7608,8
7609,7
7610,1
7611,7
7612,4
7613,2
7614,3
7615,2
7616,2
7617,7
7618,8
7619,3
7620,2
7621,9
7622,7
7623,1
7624,9
7625,2
7626,3
7627,3
7628,9
7629,2
7630,0
7631,1
7632,1
7633,1
7634,2
7635,3
7636,3
7637,8
7638,4
7639,8
7640,5
7641,3
7642,6
7643,8
7644,7
7645,7
7646,8
7647,2
7648,9
7649,0
7650,0
7651,1
7652,1
7653,4
7654,2
7655,2
7656,3
7657,1
7658,4
7659,1
7660,5
7661,3
7662,6
7663,6
7664,7
7665,0
7666,8
7667,3
7668,9
7669,1
7670,0
7671,5
7672,1
7673,3
7674,2
7675,8
7676,3
7677,9
7678,4
7679,5
7680,7
7681,9
7682,8
7683,8
7684,9
7685,6
7686,0
7687,7
7688,0
7689,2
7690,1
7691,9
7692,0
7693,3
7694,1
7695,7
7696,2
7697,1
7698,7
7699,3
7700,5
7701,6
7702,3
7703,9
7704,4
7705,8
7706,4
7707,2
7708,0
7709,0
7710,0
7711,0
7712,6
7713,8
7714,9
7715,9
7716,6
7717,1
7718,6
7719,6
7720,2
7721,1
7722,3
7723,4
7724,4
7725,6
7726,4
7727,4
7728,9
7729,0
7730,1
7731,7
7732,7
7733,1
7734,9
7735,4
7736,5
7737,2
7738,7
7739,5
7740,5
7741,5
7742,6
7743,9
7744,2
7745,6
7746,3
7747,1
7748,1
7749,1
7750,4
7751,8
7752,4
7753,1
7754,0
7755,7
7756,9
7757,9
7758,9
7759,2
7760,6
7761,2
7762,1
7763,3
7764,8
7765,1
7766,3
7767,3
7768,3
7769,8
7770,7
7771,7
7772,3
7773,2
7774,9
7775,9
7776,8
7777,2
7778,8
7779,3
7780,4
7781,2
7782,7
7783,2
7784,7
7785,3
7786,6
7787,0
7788,2
7789,1
7790,1
7791,2
7792,9
7793,2
7794,0
7795,3
7796,7
7797,2
7798,8
7799,9
7800,8
7801,3
7802,2
7803,5
7804,3
7805,4
7806,9
7807,1
7808,0
7809,7
7810,7
7811,8
7812,9
7813,9
7814,0
7815,8
7816,6
7817,0
7818,4
7819,2
7820,1
7821,5
7822,1
7823,9
7824,2
7825,8
7826,8
7827,4
7828,2
7829,1
7830,6
7831,0
7832,1
7833,3
7834,5
7835,1
7836,0
7837,8
7838,1
7839,1
7840,2
7841,5
7842,3
7843,5
7844,4
7845,8
7846,5
7847,0
7848,6
7849,5
7850,7
7851,1
7852,8
7853,7
7854,9
7855,4
7856,0
7857,8
7858,1
7859,0
7860,2
7861,1
7862,3
7863,3
7864,4
7865,4
7866,5
7867,7
7868,6
7869,6
7870,7
7871,2
7872,8
7873,8
7874,9
7875,0
7876,0
7877,1
7878,1
7879,3
7880,2
7881,6
7882,3
7883,0
7884,4
7885,3
7886,5
7887,9
7888,6
7889,5
7890,7
7891,9
7892,8
7893,0
7894,9
7895,0
7896,2
7897,1
7898,2
7899,1
7900,7
7901,5
7902,6
7903,5
7904,4
7905,9
7906,0
7907,7
7908,5
7909,8
7910,8
7911,1
7912,0
7913,1
7914,7
7915,4
7916,3
7917,2
7918,5
7919,8
7920,4
7921,2
7922,1
7923,9
7924,8
7925,8
7926,0
7927,6
7928,5
7929,8
7930,2
7931,0
7932,7
7933,0
7934,2
7935,0
7936,3
7937,9
7938,6
7939,1
7940,2
7941,9
7942,1
7943,2
7944,7
7945,0
7946,7
7947,9
7948,9
7949,0
7950,9
7951,7
7952,1
7953,9
7954,2
7955,0
7956,4
7957,8
7958,6
7959,4
7960,7
7961,2
7962,7
7963,6
7964,5
7965,5
7966,4
7967,3
7968,5
7969,6
7970,0
7971,6
7972,1
7973,6
7974,1
7975,4
7976,9
7977,3
7978,9
7979,0
7980,8
7981,3
7982,0
7983,3
7984,2
7985,4
7986,0
7987,2
7988,3
7989,5
7990,5
7991,6
7992,6
7993,7
7994,1
7995,9
7996,8
7997,1
7998,6
7999,5
8000,4
8001,0
8002,6
8003,2
8004,0
8005,6
8006,9
8007,4
8008,2
8009,8
8010,6
8011,5
8012,4
8013,7
8014,3
8015,3
8016,9
8017,0
8018,3
8019,3
8020,0
8021,7
8022,0
8023,5
8024,5
8025,2
8026,2
8027,4
8028,5
8029,0
8030,8
8031,9
8032,8
8033,1
8034,8
8035,6
8036,9
8037,9
8038,4
8039,7
8040,3
8041,1
8042,4
8043,6
8044,2
8045,7
8046,8
8047,0
8048,8
8049,3
8050,7
8051,0
8052,1
8053,3
8054,1
8055,3
8056,2
8057,5
8058,6
8059,2
8060,9
8061,9
8062,4
8063,9
8064,1
8065,6
8066,3
8067,9
8068,8
8069,7
8070,7
8071,1
8072,6
8073,6
8074,9
8075,6
8076,3
8077,6
8078,3
8079,2
8080,7
8081,1
8082,4
8083,2
8084,1
8085,7
8086,9
8087,9
8088,1
8089,0
8090,0
8091,7
8092,6
8093,1
8094,0
8095,3
8096,1
8097,0
8098,2
8099,0
8100,3
8101,6
8102,4
8103,2
8104,5
8105,5
8106,6
8107,1
8108,7
8109,0
8110,8
8111,0
8112,9
8113,1
8114,0
8115,7
8116,3
8117,0
8118,4
8119,3
8120,5
8121,3
8122,6
8123,5
8124,7
8125,1
8126,8
8127,5
8128,9
8129,5
8130,0
8131,7
8132,1
8133,8
8134,2
8135,0
8136,3
8137,8
8138,7
8139,7
8140,8
8141,6
8142,9
8143,7
8144,7
8145,7
8146,6
8147,6
8148,0
8149,8
8150,6
8151,6
8152,6
8153,2
8154,6
8155,2
8156,9
8157,1
8158,0
8159,0
8160,0
8161,1
8162,1
8163,1
8164,3
8165,3
8166,9
8167,1
8168,7
8169,7
8170,3
8171,7
8172,8
8173,0
8174,5
8175,4
8176,8
8177,1
8178,1
8179,5
8180,4
8181,1
8182,8
8183,7
8184,5
8185,3
8186,1
8187,7
8188,0
8189,3
8190,1
8191,6
8192,6
8193,3
8194,0
8195,1
8196,3
8197,7
8198,8
8199,7
8200,9
8201,9
8202,2
8203,9
8204,1
8205,2
8206,7
8207,6
8208,4
8209,4
8210,5
8211,8
8212,2
8213,2
8214,8
8215,9
8216,4
8217,9
8218,7
8219,1
8220,1
8221,9
8222,8
8223,1
8224,0
8225,6
8226,6
8227,3
8228,3
8229,7
8230,2
8231,3
8232,9
8233,7
8234,0
8235,8
8236,4
8237,3
8238,7
8239,9
8240,4
8241,4
8242,3
8243,8
8244,4
8245,9
8246,5
8247,3
8248,0
8249,7
8250,0
8251,0
8252,2
8253,5
8254,0
8255,3
8256,1
8257,7
8258,2
8259,1
8260,3
8261,5
8262,4
8263,0
8264,5
8265,3
8266,6
8267,4
8268,7
8269,7
8270,8
8271,4
8272,9
8273,0
8274,0
8275,0
8276,1
8277,9
8278,2
8279,4
8280,3
8281,7
8282,4
8283,6
8284,7
8285,0
8286,8
8287,7
8288,9
8289,0
8290,0
8291,6
8292,1
8293,2
8294,2
8295,0
8296,3
8297,1
8298,7
8299,4
8300,8
8301,8
8302,9
8303,7
8304,8
8305,0
8306,6
8307,8
8308,5
8309,9
8310,0
8311,8
8312,6
8313,6
8314,8
8315,6
8316,9
8317,9
8318,4
8319,9
8320,1
8321,5
8322,9
8323,9
8324,0
8325,8
8326,4
8327,6
8328,8
8329,6
8330,9
8331,1
8332,1
8333,1
8334,4
8335,2
8336,0
8337,6
8338,5
8339,3
8340,5
8341,8
8342,4
8343,2
8344,0
8345,4
8346,7
8347,4
8348,0
8349,1
8350,0
8351,3
8352,1
8353,6
8354,7
8355,0
8356,0
8357,9
8358,6
8359,9
8360,8
8361,3
8362,7
8363,7
8364,9
8365,7
8366,8
8367,8
8368,6
8369,0
8370,0
8371,4
8372,8
8373,2
8374,1
8375,2
8376,7
8377,6
8378,7
8379,8
8380,1
8381,4
8382,3
8383,1
8384,1
8385,6
8386,0
8387,8
8388,0
8389,1
8390,7
8391,2
8392,8
8393,5
8394,9
8395,1
8396,3
8397,7
8398,8
8399,6
8400,4
8401,4
8402,7
8403,1
8404,2
8405,9
8406,3
8407,3
8408,6
8409,9
8410,9
8411,6
8412,2
8413,4
8414,2
8415,5
8416,4
8417,9
8418,6
8419,1
8420,5
8421,6
8422,5
8423,1
8424,1
8425,9
8426,3
8427,5
8428,3
8429,1
8430,7
8431,1
8432,8
8433,8
8434,2
8435,5
8436,5
8437,7
8438,7
8439,4
8440,9
8441,9
8442,8
8443,9
8444,2
8445,7
8446,1
8447,2
8448,3
8449,9
8450,0
8451,3
8452,1
8453,1
8454,2
8455,6
8456,3
8457,1
8458,4
8459,1
8460,5
8461,2
8462,6
8463,6
8464,7
8465,1
8466,8
8467,4
8468,9
8469,4
8470,0
8471,1
8472,1
8473,0
8474,2
8475,2
8476,3
8477,7
8478,4
8479,6
8480,5
8481,1
8482,6
8483,8
8484,7
8485,9
8486,8
8487,1
8488,9
8489,6
8490,0
8491,2
8492,1
8493,9
8494,2
8495,3
8496,4
8497,8
8498,6
8499,3
8500,7
8501,6
8502,8
8503,7
8504,9
8505,5
8506,3
8507,1
8508,8
8509,4
8510,0
8511,9
8512,7
8513,1
8514,1
8515,9
8516,0
8517,7
8518,7
8519,9
8520,5
8521,8
8522,5
8523,8
8524,6
8525,3
8526,9
8527,6
8528,0
8529,3
8530,1
8531,1
8532,0
8533,6
8534,0
8535,4
8536,8
8537,8
8538,3
8539,1
8540,4
8541,0
8542,3
8543,1
8544,1
8545,3
8546,0
8547,6
8548,9
8549,5
8550,5
8551,1
8552,3
8553,2
8554,4
8555,3
8556,9
8557,7
8558,3
8559,9
8560,7
8561,4
8562,6
8563,7
8564,9
8565,2
8566,2
8567,7
8568,4
8569,3
8570,5
8571,4
8572,7
8573,7
8574,2
8575,1
8576,1
8577,7
8578,6
8579,1
8580,4
8581,4
8582,9
8583,2
8584,4
8585,8
8586,9
8587,9
8588,4
8589,1
8590,1
8591,6
8592,2
8593,9
8594,2
8595,7
8596,1
8597,7
8598,3
8599,2
8600,2
8601,4
8602,9
8603,1
8604,4
8605,7
8606,3
8607,3
8608,8
8609,9
8610,2
8611,1
8612,2
8613,0
8614,2
8615,2
8616,1
8617,7
8618,3
8619,8
8620,8
8621,9
8622,6
8623,4
8624,5
8625,9
8626,1
8627,9
8628,6
8629,6
8630,7
8631,9
8632,2
8633,2
8634,1
8635,4
8636,3
8637,6
8638,7
8639,6
8640,5
8641,2
8642,9
8643,5
8644,3
8645,4
8646,8
8647,5
8648,9
8649,1
8650,5
8651,4
8652,7
8653,1
8654,0
8655,9
8656,7
8657,5
8658,4
8659,6
8660,8
8661,1
8662,8
8663,8
8664,2
8665,1
8666,7
8667,8
8668,6
8669,5
8670,9
8671,1
8672,9
8673,3
8674,4
8675,9
8676,8
8677,4
8678,4
8679,1
8680,1
8681,0
8682,0
8683,0
8684,6
8685,3
8686,6
8687,8
8688,0
8689,6
8690,1
8691,7
8692,2
8693,6
8694,8
8695,8
8696,4
8697,4
8698,6
8699,7
8700,7
8701,3
8702,8
8703,9
8704,0
8705,1
8706,1
8707,4
8708,2
8709,3
8710,9
8711,3
8712,4
8713,6
8714,5
8715,9
8716,6
8717,3
8718,7
8719,7
8720,8
8721,6
8722,9
8723,8
8724,0
8725,0
8726,1
8727,6
8728,2
8729,5
8730,7
8731,8
8732,5
8733,8
8734,6
8735,5
8736,7
8737,9
8738,4
8739,1
8740,0
8741,2
8742,7
8743,2
8744,2
8745,5
8746,9
8747,8
8748,4
8749,5
8750,2
8751,9
8752,9
8753,2
8754,8
8755,0
8756,4
8757,3
8758,5
8759,7
8760,5
8761,1
8762,5
8763,3
8764,0
8765,8
8766,7
8767,5
8768,5
8769,4
8770,4
8771,6
8772,3
8773,9
8774,3
8775,6
8776,4
8777,9
8778,6
8779,1
8780,5
8781,8
8782,1
8783,8
8784,7
8785,2
8786,1
8787,3
8788,4
8789,0
8790,5
8791,7
8792,7
8793,6
8794,2
8795,3
8796,3
8797,4
8798,6
8799,7
8800,6
8801,3
8802,7
8803,9
8804,7
8805,7
8806,7
8807,1
8808,6
8809,3
8810,0
8811,2
8812,1
8813,0
8814,0
8815,6
8816,1
8817,3
8818,6
8819,3
8820,5
8821,6
8822,9
8823,6
8824,1
8825,3
8826,4
8827,6
8828,7
8829,7
8830,6
8831,3
8832,2
8833,9
8834,2
8835,2
8836,5
8837,1
8838,9
8839,0
8840,1
8841,4
8842,2
8843,4
8844,2
8845,2
8846,7
8847,6
8848,9
8849,6
8850,7
8851,6
8852,9
8853,2
8854,7
8855,9
8856,0
8857,5
8858,9
8859,2
8860,8
8861,6
8862,7
8863,6
8864,0
8865,2
8866,9
8867,7
8868,1
8869,6
8870,4
8871,6
8872,6
8873,4
8874,1
8875,4
8876,4
8877,5
8878,0
8879,2
8880,8
8881,3
8882,6
8883,3
8884,8
8885,3
8886,0
8887,2
8888,4
8889,3
8890,8
8891,4
8892,1
8893,8
8894,3
8895,0
8896,1
8897,0
8898,0
8899,6
8900,9
8901,5
8902,0
8903,9
8904,1
8905,1
8906,2
8907,4
8908,3
8909,6
8910,5
8911,7
8912,6
8913,0
8914,7
8915,4
8916,8
8917,1
8918,0
8919,8
8920,1
8921,8
8922,2
8923,7
8924,3
8925,2
8926,4
8927,0
8928,5
8929,8
8930,6
8931,4
8932,7
8933,0
8934,8
8935,1
8936,0
8937,3
8938,1
8939,5
8940,2
8941,6
8942,3
8943,6
8944,4
8945,4
8946,5
8947,3
8948,6
8949,3
8950,7
8951,4
8952,8
8953,2
8954,9
8955,7
8956,8
8957,4
8958,3
8959,3
8960,7
8961,2
8962,0
8963,4
8964,1
8965,4
8966,7
8967,7
8968,3
8969,9
8970,0
8971,1
8972,9
8973,2
8974,4
8975,6
8976,5
8977,3
8978,2
8979,2
8980,0
8981,7
8982,6
8983,0
8984,2
8985,1
8986,1
8987,5
8988,1
8989,5
8990,1
8991,7
8992,7
8993,1
8994,2
8995,6
8996,4
8997,4
8998,2
8999,9
9000,9
9001,6
9002,7
9003,9
9004,0
9005,3
9006,0
9007,3
9008,7
9009,2
9010,5
9011,6
9012,1
9013,1
9014,1
9015,8
9016,6
9017,6
9018,1
9019,0
9020,8
9021,8
9022,2
9023,7
9024,7
9025,6
9026,4
9027,4
9028,0
9029,5
9030,4
9031,4
9032,2
9033,0
9034,5
9035,0
9036,0
9037,2
9038,3
9039,0
9040,1
9041,4
9042,9
9043,6
9044,1
9045,5
9046,1
9047,4
9048,0
9049,0
9050,6
9051,8
9052,9
9053,7
9054,3
9055,2
9056,0
9057,0
9058,8
9059,6
9060,3
9061,7
9062,9
9063,5
9064,6
9065,5
9066,3
9067,9
9068,0
9069,6
9070,1
9071,9
9072,4
9073,1
9074,5
9075,3
9076,6
9077,8
9078,7
9079,3
9080,8
9081,3
9082,9
9083,7
9084,0
9085,5
9086,1
9087,7
9088,2
9089,8
9090,3
9091,6
9092,4
9093,2
9094,5
9095,6
9096,6
9097,5
9098,7
9099,3
9100,8
9101,4
9102,0
9103,7
9104,1
9105,1
9106,2
9107,1
9108,3
9109,4
9110,4
9111,1
9112,5
9113,8
9114,6
9115,9
9116,7
9117,4
9118,8
9119,9
9120,9
9121,6
9122,1
9123,9
9124,6
9125,5
9126,8
9127,6
9128,9
9129,9
9130,9
9131,1
9132,0
9133,9
9134,1
9135,8
9136,0
9137,1
9138,4
9139,5
9140,4
9141,3
9142,3
9143,0
9144,7
9145,6
9146,4
9147,3
9148,4
9149,4
9150,4
9151,9
9152,0
9153,8
9154,3
9155,8
9156,8
9157,6
9158,7
9159,0
9160,5
9161,5
9162,1
9163,7
9164,5
9165,1
9166,8
9167,0
9168,9
9169,3
9170,2
9171,5
9172,5
9173,4
9174,1
9175,6
9176,1
9177,9
9178,6
9179,8
9180,2
9181,3
9182,1
9183,3
9184,3
9185,3
9186,8
9187,2
9188,6
9189,7
9190,4
9191,4
9192,9
9193,3
9194,0
9195,0
9196,0
9197,0
9198,0
9199,7
9200,1
9201,7
9202,6
9203,6
9204,2
9205,0
9206,5
9207,6
9208,5
9209,3
9210,0
9211,6
9212,2
9213,2
9214,8
9215,7
9216,0
9217,1
9218,6
9219,2
9220,8
9221,7
9222,1
9223,0
9224,7
9225,7
9226,9
9227,3
9228,1
9229,5
9230,9
9231,3
9232,2
9233,5
9234,6
9235,8
9236,7
9237,5
9238,6
9239,9
9240,6
9241,1
9242,8
9243,2
9244,7
9245,6
9246,4
9247,2
9248,9
9249,2
9250,2
9251,8
9252,1
9253,2
9254,3
9255,6
9256,3
9257,1
9258,0
9259,2
9260,5
9261,1
9262,5
9263,6
9264,7
9265,1
9266,9
9267,7
9268,7
9269,3
9270,0
9271,7
9272,2
9273,3
9274,7
9275,7
9276,9
9277,7
9278,1
9279,3
9280,7
9281,6
9282,6
9283,4
9284,7
9285,2
9286,8
9287,7
9288,0
9289,1
9290,3
9291,4
9292,5
9293,1
9294,3
9295,3
9296,6
9297,0
9298,0
9299,1
9300,1
9301,3
9302,2
9303,3
9304,3
9305,9
9306,6
9307,9
9308,7
9309,9
9310,8
9311,0
9312,9
9313,1
9314,0
9315,8
9316,1
9317,6
9318,2
9319,2
9320,3
9321,5
9322,4
9323,0
9324,5
9325,3
9326,6
9327,5
9328,7
9329,5
9330,0
9331,6
9332,1
9333,1
9334,2
9335,8
9336,3
9337,5
9338,4
9339,6
9340,5
9341,5
9342,6
9343,0
9344,7
9345,5
9346,8
9347,9
9348,9
9349,4
9350,8
9351,1
9352,7
9353,5
9354,4
9355,1
9356,3
9357,7
9358,9
9359,8
9360,8
9361,2
9362,8
9363,4
9364,3
9365,8
9366,1
9367,5
9368,5
9369,5
9370,8
9371,4
9372,2
9373,9
9374,7
9375,2
9376,4
9377,5
9378,2
9379,1
9380,6
9381,3
9382,5
9383,7
9384,2
9385,5
9386,4
9387,3
9388,5
9389,4
9390,6
9391,9
9392,4
9393,4
9394,1
9395,9
9396,7
9397,2
9398,5
9399,2
9400,1
9401,3
9402,3
9403,0
9404,3
9405,1
9406,6
9407,0
9408,9
9409,8
9410,6
9411,4
9412,3
9413,3
9414,3
9415,5
9416,1
9417,7
9418,6
9419,3
9420,5
9421,3
9422,6
9423,0
9424,1
9425,3
9426,9
9427,7
9428,3
9429,3
9430,7
9431,1
9432,4
9433,7
9434,4
9435,7
9436,0
9437,4
9438,9
9439,6
9440,0
9441,0
9442,0
9443,4
9444,3
9445,7
9446,7
9447,6
9448,9
9449,9
9450,2
9451,6
9452,0
9453,0
9454,1
9455,7
9456,0
9457,0
9458,1
9459,0
9460,0
9461,6
9462,4
9463,5
9464,0
9465,5
9466,4
9467,3
9468,7
9469,6
9470,9
9471,7
9472,2
9473,2
9474,0
9475,1
9476,6
9477,0
9478,2
9479,0
9480,2
9481,1
9482,9
9483,3
9484,9
9485,2
9486,0
9487,6
9488,1
9489,2
9490,2
9491,8
9492,3
9493,1
9494,4
9495,7
9496,5
9497,4
9498,6
9499,7
9500,7
9501,6
9502,8
9503,7
9504,9
9505,7
9506,0
9507,0
9508,1
9509,2
9510,2
9511,7
9512,3
9513,6
9514,4
9515,5
9516,5
9517,8
9518,6
9519,2
9520,7
9521,3
9522,8
9523,7
9524,0
9525,0
9526,1
9527,6
9528,2
9529,6
9530,3
9531,0
9532,5
9533,9
9534,6
9535,1
9536,7
9537,4
9538,8
9539,7
9540,5
9541,1
9542,4
9543,2
9544,8
9545,0
9546,7
9547,2
9548,4
9549,7
9550,7
9551,1
9552,7
9553,0
9554,3
9555,8
9556,9
9557,6
9558,4
9559,4
9560,8
9561,7
9562,3
9563,1
9564,1
9565,8
9566,5
9567,4
9568,1
9569,5
9570,2
9571,1
9572,7
9573,2
9574,4
9575,6
9576,2
9577,6
9578,6
9579,5
9580,1
9581,6
9582,5
9583,7
9584,2
9585,1
9586,4
9587,4
9588,5
9589,1
9590,5
9591,1
9592,4
9593,3
9594,6
9595,8
9596,4
9597,6
9598,4
9599,7
9600,1
9601,2
9602,8
9603,3
9604,7
9605,2
9606,5
9607,7
9608,5
9609,2
9610,1
9611,3
9612,4
9613,3
9614,9
9615,9
9616,1
9617,1
9618,3
9619,1
9620,6
9621,3
9622,3
9623,1
9624,3
9625,3
9626,2
9627,4
9628,2
9629,1
9630,6
9631,9
9632,9
9633,9
9634,9
9635,4
9636,6
9637,3
9638,3
9639,3
9640,3
9641,8
9642,1
9643,9
9644,1
9645,7
9646,6
9647,5
9648,5
9649,3
9650,6
9651,8
9652,1
9653,5
9654,1
9655,9
9656,9
9657,7
9658,7
9659,2
9660,6
9661,7
9662,4
9663,6
9664,3
9665,3
9666,7
9667,0
9668,4
9669,2
9670,7
9671,3
9672,0
9673,2
9674,9
9675,1
9676,0
9677,7
9678,0
9679,1
9680,3
9681,3
9682,7
9683,2
9684,9
9685,5
9686,3
9687,8
9688,0
9689,0
9690,2
9691,5
9692,0
9693,6
9694,1
9695,8
9696,0
9697,3
9698,1
9699,0
9700,0
9701,6
9702,4
9703,6
9704,0
9705,4
9706,1
9707,3
9708,0
9709,9
9710,4
9711,0
9712,7
9713,2
9714,9
9715,4
9716,2
9717,7
9718,0
9719,4
9720,6
9721,0
9722,2
9723,2
9724,6
9725,7
9726,2
9727,8
9728,0
9729,9
9730,9
9731,3
9732,9
9733,8
9734,0
9735,1
9736,1
9737,2
9738,2
9739,5
9740,3
9741,7
9742,4
9743,0
9744,5
9745,0
9746,6
9747,9
9748,7
9749,2
9750,8
9751,0
9752,9
9753,9
9754,0
9755,9
9756,1
9757,2
9758,2
9759,9
9760,3
9761,6
9762,4
9763,8
9764,5
9765,8
9766,6
9767,3
9768,7
9769,7
9770,5
9771,5
9772,9
9773,2
9774,0
9775,1
9776,1
9777,2
9778,2
9779,5
9780,3
9781,2
9782,4
9783,8
9784,5
9785,9
9786,6
9787,3
9788,7
9789,7
9790,8
9791,0
9792,9
9793,8
9794,7
9795,8
9796,4
9797,1
9798,3
9799,6
9800,8
9801,5
9802,5
9803,6
9804,1
9805,1
9806,8
9807,0
9808,5
9809,6
9810,2
9811,9
9812,8
9813,3
9814,6
9815,5
9816,1
9817,6
9818,9
9819,6
9820,2
9821,0
9822,4
9823,0
9824,0
9825,5
9826,9
9827,2
9828,9
9829,6
9830,3
9831,2
9832,7
9833,8
9834,7
9835,0
9836,9
9837,2
9838,1
9839,9
9840,8
9841,0
9842,2
9843,1
9844,7
9845,8
9846,5
9847,9
9848,8
9849,3
9850,5
9851,2
9852,3
9853,8
9854,2
9855,7
9856,2
9857,1
9858,0
9859,5
9860,5
9861,6
9862,8
9863,2
9864,6
9865,3
9866,0
9867,8
9868,1
9869,3
9870,0
9871,9
9872,3
9873,6
9874,8
9875,0
9876,1
9877,9
9878,0
9879,7
9880,3
9881,4
9882,0
9883,7
9884,4
9885,1
9886,7
9887,7
9888,4
9889,7
9890,9
9891,0
9892,2
9893,6
9894,9
9895,2
9896,1
9897,9
9898,2
9899,5
9900,5
9901,8
9902,7
9903,1
9904,1
9905,3
9906,7
9907,1
9908,1
9909,7
9910,6
9911,1
9912,7
9913,2
9914,3
9915,0
9916,3
9917,3
9918,6
9919,8
9920,5
9921,4
9922,6
9923,0
9924,2
9925,1
9926,8
9927,6
9928,7
9929,6
9930,6
9931,1
9932,4
9933,5
9934,9
9935,0
9936,8
9937,8
9938,8
9939,9
9940,2
9941,4
9942,9
9943,1
9944,6
9945,8
9946,5
9947,6
9948,5
9949,6
9950,9
9951,9
9952,5
9953,8
9954,3
9955,7
9956,7
9957,8
9958,4
9959,5
9960,3
9961,1
9962,6
9963,2
9964,0
9965,2
9966,0
9967,0
9968,6
9969,9
9970,9
9971,8
9972,0
9973,2
9974,1
9975,3
9976,1
9977,4
9978,3
9979,0
9980,2
9981,4
9982,1
9983,8
9984,0
9985,4
9986,0
9987,0
9988,1
9989,7
9990,2
9991,7
9992,3
9993,7
9994,4
9995,0
9996,5
9997,8
9998,6
9999,9
10000,7
10001,3
10002,8
10003,7
10004,9
10005,9
10006,0
10007,1
10008,1
10009,5
10010,2
10011,0
10012,3
10013,8
10014,4
10015,7
10016,5
10017,2
10018,6
10019,4
10020,7
10021,1
10022,1
10023,0
10024,9
10025,2
10026,0
10027,0
10028,1
10029,9
10030,2
10031,5
10032,3
10033,6
10034,4
10035,3
10036,5
10037,6
10038,6
10039,9
10040,7
10041,1
10042,8
10043,3
10044,9
10045,5
10046,0
10047,7
10048,9
10049,1
10050,5
10051,7
10052,5
10053,3
10054,6
10055,8
10056,9
10057,5
10058,8
10059,1
10060,9
10061,4
10062,8
10063,5
10064,7
10065,4
10066,5
10067,8
10068,1
10069,1
10070,0
10071,9
10072,0
10073,2
10074,2
10075,3
10076,2
10077,6
10078,7
10079,2
10080,8
10081,0
10082,2
10083,2
10084,0
10085,2
10086,1
10087,7
10088,2
10089,9
10090,6
10091,2
10092,5
10093,5
10094,3
10095,9
10096,7
10097,7
10098,3
10099,1
10100,3
10101,2
10102,6
10103,9
10104,4
10105,4
10106,9
10107,2
10108,0
10109,6
10110,9
10111,1
10112,5
10113,9
10114,2
10115,4
10116,8
10117,7
10118,2
10119,1
10120,0
10121,0
10122,0
10123,2
10124,1
10125,8
10126,3
10127,8
10128,2
10129,0
10130,1
10131,2
10132,7
10133,9
10134,4
10135,1
10136,6
10137,1
10138,3
10139,2
10140,1
10141,0
10142,3
10143,9
10144,9
10145,3
10146,1
10147,5
10148,7
10149,7
10150,6
10151,4
10152,6
10153,1
10154,4
10155,7
10156,3
10157,1
10158,1
10159,2
10160,4
10161,7
10162,3
10163,5
10164,6
10165,6
10166,9
10167,9
10168,0
10169,0
10170,1
10171,7
10172,7
10173,4
10174,5
10175,6
10176,4
10177,0
10178,4
10179,7
10180,7
10181,1
10182,7
10183,5
10184,9
10185,9
10186,5
10187,9
10188,1
10189,0
10190,8
10191,6
10192,4
10193,5
10194,9
10195,2
10196,0
10197,4
10198,8
10199,9
10200,9
10201,2
10202,8
10203,7
10204,0
10205,0
10206,1
10207,3
10208,2
10209,9
10210,4
10211,3
10212,8
10213,4
10214,6
10215,3
10216,7
10217,4
10218,8
10219,6
10220,9
10221,1
10222,0
10223,8
10224,1
10225,6
10226,4
10227,5
10228,5
10229,2
10230,6
10231,0
10232,7
10233,9
10234,8
10235,6
10236,9
10237,4
10238,0
10239,3
10240,1
10241,0
10242,9
10243,0
10244,7
10245,5
10246,0
10247,6
10248,9
10249,1
10250,9
10251,8
10252,7
10253,4
10254,7
10255,0
10256,5
10257,3
10258,1
10259,5
10260,0
10261,3
10262,0
10263,4
10264,7
10265,2
10266,0
10267,1
10268,1
10269,1
10270,4
10271,6
10272,6
10273,0
10274,0
10275,8
10276,6
10277,0
10278,5
10279,3
10280,2
10281,5
10282,8
10283,3
10284,0
10285,9
10286,1
10287,5
10288,7
10289,5
10290,6
10291,1
10292,2
10293,9
10294,1
10295,6
10296,7
10297,7
10298,7
10299,6
10300,6
10301,2
10302,1
10303,7
10304,4
10305,6
10306,9
10307,9
10308,6
10309,2
10310,7
10311,4
10312,4
10313,2
10314,4
10315,3
10316,7
10317,5
10318,2
10319,1
10320,8
10321,4
10322,2
10323,3
10324,0
10325,7
10326,1
10327,0
10328,2
10329,3
10330,3
10331,3
10332,4
10333,6
10334,5
10335,0
10336,6
10337,9
10338,7
10339,4
10340,8
10341,0
10342,9
10343,1
10344,0
10345,6
10346,1
10347,1
10348,2
10349,0
10350,3
10351,4
10352,4
10353,0
10354,5
10355,2
10356,6
10357,6
10358,7
10359,8
10360,8
10361,3
10362,9
10363,1
10364,0
10365,1
10366,1
10367,0
10368,2
10369,2
10370,3
10371,5
10372,4
10373,0
10374,5
10375,9
10376,6
10377,1
10378,7
10379,1
10380,8
10381,0
10382,9
10383,9
10384,6
10385,0
10386,5
10387,5
10388,9
10389,7
10390,3
10391,3
10392,4
10393,7
10394,3
10395,7
10396,8
10397,4
10398,5
10399,8
10400,1
10401,5
10402,5
10403,3
10404,2
10405,1
10406,3
10407,2
10408,0
10409,7
10410,1
10411,9
10412,2
10413,5
10414,1
10415,4
10416,3
10417,1
10418,2
10419,6
10420,6
10421,1
10422,5
10423,8
10424,3
10425,3
10426,0
10427,8
10428,7
10429,9
10430,2
10431,3
10432,7
10433,5
10434,4
10435,5
10436,6
10437,2
10438,4
10439,3
10440,0
10441,6
10442,5
10443,6
10444,9
10445,9
10446,9
10447,8
10448,8
10449,1
10450,9
10451,3
10452,5
10453,6
10454,3
10455,3
10456,1
10457,0
10458,7
10459,1
10460,4
10461,4
10462,7
10463,4
10464,6
10465,2
10466,5
10467,3
10468,4
10469,1
10470,0
10471,3
10472,0
10473,2
10474,6
10475,7
10476,6
10477,2
10478,2
10479,9
10480,0
10481,9
10482,6
10483,8
10484,3
10485,6
10486,7
10487,8
10488,7
10489,0
10490,4
10491,8
10492,4
10493,5
10494,3
10495,4
10496,9
10497,7
10498,2
10499,5
10500,8
10501,1
10502,9
10503,2
10504,6
10505,4
10506,0
10507,5
10508,9
10509,1
10510,5
10511,7
10512,3
10513,6
10514,3
10515,2
10516,8
10517,9
10518,7
10519,3
10520,1
10521,3
10522,4
10523,7
10524,0
10525,9
10526,4
10527,2
10528,3
10529,2
10530,9
10531,0
10532,0
10533,6
10534,7
10535,6
10536,2
10537,5
10538,1
10539,5
10540,9
10541,6
10542,1
10543,0
10544,5
10545,7
10546,1
10547,5
10548,7
10549,7
10550,4
10551,6
10552,8
10553,6
10554,6
10555,2
10556,1
10557,1
10558,6
10559,4
10560,8
10561,4
10562,8
10563,1
10564,0
10565,0
10566,1
10567,5
10568,2
10569,1
10570,3
10571,2
10572,4
10573,8
10574,7
10575,2
10576,8
10577,9
10578,9
10579,5
10580,0
10581,1
10582,1
10583,2
10584,2
10585,8
10586,3
10587,5
10588,4
10589,9
10590,5
10591,7
10592,6
10593,8
10594,7
10595,4
10596,8
10597,8
10598,9
10599,5
10600,0
10601,6
10602,1
10603,1
10604,2
10605,0
10606,3
10607,3
10608,4
10609,3
10610,7
10611,5
10612,8
10613,4
10614,9
10615,9
10616,1
10617,2
10618,6
10619,4
10620,8
10621,2
10622,9
10623,5
10624,9
10625,1
10626,0
10627,4
10628,1
10629,8
10630,2
10631,6
10632,4
10633,8
10634,4
10635,4
10636,3
10637,4
10638,7
10639,1
10640,4
10641,7
10642,4
10643,4
10644,4
10645,3
10646,0
10647,9
10648,3
10649,7
10650,8
10651,6
10652,7
10653,5
10654,5
10655,6
10656,8
10657,5
10658,2
10659,9
10660,1
10661,9
10662,5
10663,1
10664,8
10665,0
10666,5
10667,3
10668,1
10669,3
10670,1
10671,4
10672,6
10673,6
10674,2
10675,3
10676,1
10677,3
10678,3
10679,3
10680,4
10681,2
10682,9
10683,7
10684,4
10685,1
10686,9
10687,1
10688,2
10689,2
10690,0
10691,4
10692,0
10693,1
10694,4
10695,8
10696,4
10697,3
10698,6
10699,6
10700,2
10701,0
10702,5
10703,7
10704,5
10705,4
10706,0
10707,9
10708,2
10709,7
10710,6
10711,8
10712,8
10713,1
10714,1
10715,2
10716,7
10717,7
10718,9
10719,7
10720,1
10721,8
10722,9
10723,9
10724,2
10725,4
10726,6
10727,8
10728,7
10729,3
10730,6
10731,3
10732,6
10733,0
10734,8
10735,3
10736,7
10737,6
10738,4
10739,8
10740,2
10741,5
10742,1
10743,5
10744,3
10745,7
10746,3
10747,9
10748,0
10749,6
10750,5
10751,0
10752,5
10753,9
10754,8
10755,6
10756,0
10757,2
10758,3
10759,4
10760,7
10761,3
10762,9
10763,3
10764,7
10765,5
10766,3
10767,2
10768,6
10769,4
10770,7
10771,5
10772,8
10773,9
10774,0
10775,6
10776,3
10777,2
10778,5
10779,4
10780,2
10781,9
10782,0
10783,5
10784,1
10785,9
10786,2
10787,6
10788,3
10789,7
10790,4
10791,6
10792,5
10793,6
10794,6
10795,9
10796,7
10797,3
10798,8
10799,5
10800,9
10801,8
10802,0
10803,2
10804,1
10805,5
10806,2
10807,0
10808,3
10809,9
10810,4
10811,9
10812,5
10813,4
10814,6
10815,5
10816,7
10817,6
10818,8
10819,8
10820,9
10821,9
10822,0
10823,5
10824,1
10825,4
10826,2
10827,3
10828,3
10829,7
10830,4
10831,3
10832,5
10833,4
10834,6
10835,1
10836,7
10837,6
10838,8
10839,1
10840,9
10841,0
10842,7
10843,1
10844,6
10845,0
10846,4
10847,2
10848,3
10849,9
10850,0
10851,4
10852,6
10853,2
10854,6
10855,4
10856,6
10857,8
10858,9
10859,4
10860,0
10861,9
10862,0
10863,8
10864,1
10865,7
10866,3
10867,8
10868,9
10869,1
10870,4
10871,4
10872,5
10873,3
10874,7
10875,0
10876,9
10877,3
10878,5
10879,1
10880,6
10881,3
10882,8
10883,3
10884,9
10885,5
10886,1
10887,1
10888,3
10889,4
10890,8
10891,7
10892,5
10893,1
10894,7
10895,1
10896,8
10897,3
10898,1
10899,2
10900,4
10901,3
10902,8
10903,3
10904,5
10905,5
10906,8
10907,9
10908,1
10909,4
10910,0
10911,6
10912,7
10913,4
10914,6
10915,0
10916,1
10917,0
10918,6
10919,4
10920,0
10921,2
10922,3
10923,1
10924,4
10925,0
10926,6
10927,1
10928,8
10929,4
10930,9
10931,6
10932,2
10933,7
10934,1
10935,9
10936,7
10937,8
10938,4
10939,0
10940,5
10941,7
10942,2
10943,4
10944,5
10945,9
10946,2
10947,7
10948,1
10949,8
10950,2
10951,6
10952,9
10953,4
10954,3
10955,5
10956,9
10957,6
10958,2
10959,5
10960,2
10961,4
10962,5
10963,2
10964,8
10965,4
10966,7
10967,3
10968,4
10969,6
10970,7
10971,9
10972,1
10973,2
10974,8
10975,0
10976,0
10977,6
10978,9
10979,2
10980,6
10981,6
10982,8
10983,1
10984,1
10985,3
10986,1
10987,7
10988,5
10989,2
10990,7
10991,4
10992,6
10993,6
10994,3
10995,9
10996,5
10997,6
10998,4
10999,3
11000,2
11001,6
11002,9
11003,3
11004,0
11005,1
11006,4
11007,2
11008,7
11009,4
11010,4
11011,3
11012,3
11013,3
11014,2
11015,0
11016,9
11017,4
11018,2
11019,2
11020,0
11021,7
11022,3
11023,0
11024,4
11025,4
11026,5
11027,0
11028,0
11029,8
11030,0
11031,2
11032,3
11033,2
11034,2
11035,3
11036,8
11037,0
11038,3
11039,6
11040,8
11041,4
11042,0
11043,3
11044,1
11045,4
11046,0
11047,4
11048,1
11049,6
11050,7
11051,1
11052,1
11053,0
11054,3
11055,7
11056,5
11057,7
11058,1
11059,1
11060,7
11061,0
11062,1
11063,6
11064,8
11065,5
11066,6
11067,2
11068,8
11069,9
11070,1
11071,8
11072,0
11073,0
11074,4
11075,9
11076,3
11077,7
11078,0
11079,9
11080,1
11081,7
11082,2
11083,1
11084,3
11085,2
11086,7
11087,2
11088,8
11089,7
11090,9
11091,9
11092,0
11093,7
11094,1
11095,5
11096,2
11097,9
11098,3
11099,6
11100,7
11101,6
11102,8
11103,9
11104,9
11105,3
11106,0
11107,2
11108,1
11109,8
11110,2
11111,2
11112,3
11113,1
11114,4
11115,3
11116,5
11117,0
11118,6
11119,5
11120,7
11121,8
11122,8
11123,7
11124,9
11125,4
11126,7
11127,4
11128,4
11129,6
11130,0
11131,7
11132,9
11133,6
11134,0
11135,1
11136,1
11137,5
11138,7
11139,3
11140,9
11141,6
11142,5
11143,8
11144,1
11145,4
11146,4
11147,8
11148,2
11149,4
11150,8
11151,9
11152,9
11153,1
11154,4
11155,5
11156,3
11157,1
11158,1
11159,6
11160,7
11161,8
11162,8
11163,0
11164,2
11165,7
11166,4
11167,7
11168,4
11169,7
11170,3
11171,7
11172,3
11173,0
11174,6
11175,6
11176,9
11177,8
11178,9
11179,1
11180,5
11181,7
11182,8
11183,5
11184,6
11185,4
11186,7
11187,9
11188,0
11189,7
11190,6
11191,9
11192,8
11193,4
11194,2
11195,9
11196,6
11197,9
11198,3
11199,5
11200,9
11201,1
11202,3
11203,3
11204,2
11205,7
11206,1
11207,9
11208,7
11209,3
11210,4
11211,9
11212,8
11213,9
11214,8
11215,1
11216,9
11217,3
11218,0
11219,6
11220,3
11221,7
11222,3
11223,0
11224,9
11225,9
11226,9
11227,6
11228,4
11229,1
11230,1
11231,2
11232,0
11233,3
11234,3
11235,2
11236,7
11237,1
11238,5
11239,5
11240,6
11241,0
11242,8
11243,1
11244,2
11245,3
11246,9
11247,9
11248,7
11249,1
11250,1
11251,2
11252,2
11253,9
11254,6
11255,7
11256,4
11257,4
11258,2
11259,8
11260,3
11261,5
11262,6
11263,1
11264,6
11265,4
11266,5
11267,7
11268,0
11269,1
11270,0
11271,5
11272,2
11273,1
11274,8
11275,7
11276,1
11277,9
11278,6
11279,1
11280,1
11281,9
11282,0
11283,6
11284,4
11285,3
11286,3
11287,2
11288,1
11289,8
11290,6
11291,7
11292,1
11293,1
11294,9
11295,7
11296,0
11297,3
11298,1
11299,2
11300,2
11301,9
11302,3
11303,3
11304,4
11305,0
11306,5
11307,2
11308,6
11309,1
11310,7
11311,5
11312,8
11313,1
11314,9
11315,4
11316,0
11317,6
11318,1
11319,0
11320,2
11321,0
11322,3
11323,8
11324,4
11325,5
11326,5
11327,1
11328,6
11329,7
11330,7
11331,0
11332,8
11333,7
11334,9
11335,7
11336,0
11337,6
11338,1
11339,5
11340,2
11341,0
11342,3
11343,1
11344,4
11345,2
11346,5
11347,2
11348,6
11349,6
11350,7
11351,7
11352,8
11353,1
11354,9
11355,0
11356,8
11357,5
11358,6
11359,1
11360,5
11361,1
11362,0
11363,1
11364,6
11365,2
11366,8
11367,9
11368,9
11369,9
11370,4
11371,7
11372,1
11373,7
11374,9
11375,8
11376,5
11377,9
11378,3
11379,4
11380,0
11381,2
11382,4
11383,8
11384,8
11385,2
11386,9
11387,6
11388,1
11389,9
11390,4
11391,6
11392,0
11393,3
11394,5
11395,2
11396,1
11397,5
11398,5
11399,8
11400,7
11401,7
11402,6
11403,5
11404,0
11405,1
11406,1
11407,3
11408,7
11409,4
11410,0
11411,5
11412,6
11413,1
11414,8
11415,4
11416,9
11417,9
11418,5
11419,1
11420,4
11421,2
11422,7
11423,0
11424,9
11425,4
11426,8
11427,9
11428,6
11429,0
11430,0
11431,7
11432,8
11433,1
11434,1
11435,4
11436,7
11437,2
11438,7
11439,1
11440,1
11441,1
11442,3
11443,9
11444,2
11445,8
11446,1
11447,2
11448,4
11449,6
11450,2
11451,8
11452,0
11453,9
11454,0
11455,3
11456,7
11457,5
11458,8
11459,2
11460,4
11461,4
11462,6
11463,0
11464,4
11465,9
11466,9
11467,6
11468,3
11469,4
11470,8
11471,5
11472,4
11473,5
11474,7
11475,9
11476,2
11477,3
11478,5
11479,8
11480,6
11481,3
11482,3
11483,8
11484,6
11485,5
11486,9
11487,5
11488,6
11489,7
11490,3
11491,6
11492,2
11493,5
11494,2
11495,4
11496,4
11497,4
11498,6
11499,7
11500,9
11501,5
11502,0
11503,1
11504,2
11505,1
11506,5
11507,8
11508,5
11509,1
11510,1
11511,7
11512,3
11513,4
11514,3
11515,0
11516,9
11517,7
11518,7
11519,1
11520,2
11521,3
11522,2
11523,1
11524,5
11525,3
11526,7
11527,0
11528,9
11529,7
11530,8
11531,6
11532,2
11533,0
11534,1
11535,7
11536,3
11537,9
11538,1
11539,9
11540,3
11541,7
11542,0
11543,5
11544,1
11545,3
11546,3
11547,8
11548,4
11549,7
11550,5
11551,9
11552,6
11553,2
11554,7
11555,3
11556,8
11557,3
11558,9
11559,1
11560,0
11561,2
11562,1
11563,0
11564,2
11565,7
11566,3
11567,7
11568,4
11569,8
11570,5
11571,7
11572,6
11573,0
11574,7
11575,0
11576,8
11577,2
11578,0
11579,4
11580,1
11581,9
11582,2
11583,9
11584,3
11585,0
11586,4
11587,8
11588,5
11589,0
11590,6
11591,5
11592,7
11593,6
11594,9
11595,7
11596,7
11597,5
11598,0
11599,1
11600,5
11601,2
11602,2
11603,8
11604,9
11605,1
11606,0
11607,1
11608,1
11609,1
11610,5
11611,6
11612,8
11613,0
11614,1
11615,8
11616,0
11617,7
11618,9
11619,3
11620,3
11621,0
11622,2
11623,1
11624,7
11625,4
11626,8
11627,9
11628,4
11629,9
11630,4
11631,1
11632,5
11633,1
11634,9
11635,1
11636,6
11637,0
11638,1
11639,5
11640,0
11641,7
11642,4
11643,7
11644,5
11645,5
11646,3
11647,4
11648,9
11649,2
11650,4
11651,7
11652,3
11653,4
11654,4
11655,0
11656,2
11657,5
11658,9
11659,4
11660,5
11661,7
11662,0
11663,8
11664,1
11665,7
11666,3
11667,1
11668,2
11669,9
11670,9
11671,4
11672,1
11673,8
11674,6
11675,5
11676,0
11677,1
11678,1
11679,6
11680,1
11681,6
11682,8
11683,9
11684,0
11685,6
11686,4
11687,7
11688,7
11689,9
11690,7
11691,4
11692,6
11693,4
11694,3
11695,0
11696,5
11697,5
11698,6
11699,9
11700,6
11701,2
11702,0
11703,1
11704,7
11705,8
11706,3
11707,5
11708,5
11709,3
11710,4
11711,3
11712,2
11713,0
11714,4
11715,3
11716,1
11717,7
11718,8
11719,2
11720,3
11721,8
11722,5
11723,8
11724,6
11725,8
11726,5
11727,8
11728,2
11729,1
11730,0
11731,6
11732,6
11733,9
11734,7
11735,9
11736,1
11737,7
11738,2
11739,2
11740,5
11741,4
11742,8
11743,0
11744,1
11745,4
11746,9
11747,0
11748,3
11749,2
11750,8
11751,8
11752,8
11753,3
11754,8
11755,0
11756,3
11757,3
11758,7
11759,0
11760,1
11761,1
11762,8
11763,9
11764,7
11765,4
11766,1
11767,7
11768,1
11769,7
11770,6
11771,4
11772,7
11773,2
11774,9
11775,2
11776,9
11777,5
11778,3
11779,7
11780,0
11781,0
11782,3
11783,5
11784,4
11785,6
11786,5
11787,7
11788,6
11789,3
11790,7
11791,5
11792,0
11793,0
11794,1
11795,0
11796,2
11797,8
11798,3
11799,7
11800,4
11801,6
11802,5
11803,5
11804,6
11805,3
11806,7
11807,5
11808,0
11809,8
11810,1
11811,7
11812,2
11813,2
11814,3
11815,9
11816,4
11817,9
11818,5
11819,4
11820,6
11821,9
11822,7
11823,7
11824,8
11825,4
11826,9
11827,2
11828,8
11829,6
11830,7
11831,9
11832,7
11833,6
11834,0
11835,0
11836,1
11837,8
11838,3
11839,7
11840,5
11841,9
11842,2
11843,5
11844,9
11845,2
11846,0
11847,0
11848,9
11849,0
11850,6
11851,5
11852,0
11853,4
11854,7
11855,7
11856,1
11857,2
11858,1
11859,8
11860,8
11861,0
11862,4
11863,9
11864,3
11865,3
11866,2
11867,6
11868,1
11869,1
11870,2
11871,6
11872,6
11873,8
11874,5
11875,3
11876,6
11877,5
11878,7
11879,6
11880,4
11881,8
11882,8
11883,5
11884,1
11885,9
11886,9
11887,4
11888,0
11889,0
11890,6
11891,8
11892,9
11893,6
11894,4
11895,7
11896,1
11897,2
11898,9
11899,7
11900,2
11901,9
11902,1
11903,0
11904,9
11905,8
11906,6
11907,9
11908,7
11909,8
11910,9
11911,3
11912,0
11913,9
11914,4
11915,0
11916,6
11917,4
11918,1
11919,9
11920,7
11921,0
11922,3
11923,5
11924,8
11925,9
11926,9
11927,9
11928,6
11929,5
11930,3
11931,4
11932,9
11933,6
11934,0
11935,9
11936,5
11937,5
11938,7
11939,9
11940,1
11941,3
11942,6
11943,8
11944,1
11945,7
11946,0
11947,7
11948,9
11949,0
11950,1
11951,8
11952,3
11953,6
11954,1
11955,1
11956,4
11957,4
11958,0
11959,3
11960,6
11961,3
11962,2
11963,4
11964,5
11965,6
11966,4
11967,5
11968,4
11969,1
11970,0
11971,9
11972,2
11973,6
11974,0
11975,0
11976,1
11977,6
11978,2
11979,3
11980,3
11981,5
11982,4
11983,1
11984,5
11985,8
11986,6
11987,4
11988,7
11989,4
11990,8
11991,9
11992,9
11993,7
11994,0
11995,7
11996,1
11997,6
11998,2
11999,8
12000,3
